2.200392
2.187426
2.176669
2.158924
2.138599
2.111310
2.086501
2.055237
2.022095
1.985251
1.938555
1.895221
1.855970
1.834716
1.787516
1.762651
1.714693
1.687516
1.646198
1.623171
1.590137
1.564359
1.540361
1.515407
1.490476
1.462400
1.434761
1.424119
1.407482
1.384929
1.366379
1.359677
1.329693
1.318250
1.308414
1.302971
1.283613
1.284083
1.257515
1.254393
1.251989
1.217593
1.219418
1.227731
1.185143
1.207340
1.199086
1.189912
1.177105
1.180060
1.168415
1.157882
1.143633
1.140483
1.124486
1.123128
1.115473
1.090886
1.111672
1.091803
1.108092
1.083127
1.071201
1.070142
1.078442
1.049260
1.022140
1.052538
1.060723
1.038977
1.046441
1.011589
1.015340
1.013022
1.010876
1.003781
1.000268
0.991523
0.991674
0.973571
0.977568
0.939543
0.953333
0.945234
0.953423
0.931576
0.945230
0.926680
0.915308
0.915353
0.888291
0.919720
0.892009
0.856482
0.874731
0.880951
0.908044
0.832235
0.869076
0.885119
0.829503
0.846309
0.763680
0.861796
0.869725
0.846601
0.788960
0.788624
0.777236
0.816211
0.759038
0.825216
0.738703
0.725696
0.741071
0.734030
0.776929
0.759235
0.770441
0.702387
0.751749
0.704990
0.722475
0.711120
0.678376
0.784112
0.644763
0.672378
0.620976
0.636976
0.648231
0.604591
0.619718
0.561304
0.583401
0.601477
0.631362
0.548145
0.590517
0.577673
0.554900
0.526872
0.532170
0.579405
0.516452
0.592875
0.454918
0.487322
0.472814
0.464069
0.477271
0.463961
0.516591
0.476063
0.434727
0.455331
0.428869
0.434488
0.404017
0.375604
0.457573
0.399652
0.388230
0.381540
0.362784
0.360337
0.336005
0.379627
0.317221
0.382054
0.340395
0.395345
0.330276
0.374217
0.378971
0.374727
0.375007
0.297843
0.330307
0.330222
0.332716
0.280707
0.310536
0.308039
0.353271
0.339699
0.253280
0.280822
0.316027
0.250254
0.305811
0.263190
0.309302
0.275906
0.278303
0.240254
0.284866
0.267681
0.304755
0.247779
0.300697
0.226058
0.301215
0.238270
0.240611
0.335298
0.266699
0.254380
0.219661
0.252285
0.216913
0.193402
0.335345
0.226290
0.214086
0.269411
0.245469
0.208790
0.219451
0.238517
0.185814
0.218168
0.199457
0.242073
0.205085
0.252883
0.234209
0.290403
0.226806
0.162582
0.206152
0.200146
0.248375
0.233638
0.198454
0.172143
0.209325
0.176459
0.202502
0.172400
0.170186
0.165101
0.167729
0.199410
0.227001
0.166950
0.166898
0.157176
0.153860
0.184165
