1.741287
1.743262
1.736502
1.737582
1.715885
1.713295
1.695587
1.681226
1.665897
1.644018
1.631066
1.608914
1.599608
1.581219
1.569230
1.546363
1.531423
1.513167
1.503525
1.482041
1.468527
1.454653
1.439840
1.428133
1.415416
1.402974
1.379759
1.375428
1.365203
1.342543
1.340417
1.329763
1.317250
1.316459
1.308855
1.295182
1.281220
1.273917
1.261543
1.258577
1.240351
1.238313
1.228552
1.244833
1.218588
1.200025
1.203844
1.195858
1.181982
1.189968
1.167020
1.154454
1.149368
1.171970
1.147139
1.117205
1.132037
1.122321
1.125509
1.108578
1.108028
1.095997
1.094173
1.071402
1.091248
1.079796
1.045365
1.065637
1.037577
1.059466
1.037859
1.060989
1.029210
0.988609
1.029883
1.010741
0.964440
1.026100
0.974694
0.969254
0.980848
0.957803
0.961456
0.953269
0.938329
0.936499
0.952929
0.962282
0.933994
0.908512
0.923789
0.891955
0.890810
0.855814
0.899430
0.871031
0.845302
0.906554
0.884025
0.846447
0.819239
0.804494
0.864345
0.812473
0.823373
0.825448
0.845981
0.801575
0.784762
0.788893
0.775868
0.763986
0.771568
0.750862
0.762418
0.758350
0.734534
0.699608
0.720828
0.741270
0.661960
0.675833
0.668608
0.630655
0.696839
0.645051
0.633092
0.688208
0.603190
0.625691
0.655170
0.575330
0.592937
0.564144
0.623378
0.565272
0.587775
0.530982
0.615358
0.524802
0.573387
0.467359
0.558334
0.460352
0.431982
0.491823
0.480799
0.483686
0.413828
0.456175
0.402439
0.422223
0.383455
0.501389
0.444561
0.396764
0.392985
0.452528
0.407337
0.416416
0.378053
0.395371
0.363606
0.319112
0.374145
0.382744
0.339655
0.390322
0.359517
0.360624
0.331679
0.280292
0.277024
0.276709
0.425234
0.291735
0.385957
0.299028
0.293397
0.356075
0.277777
0.263607
0.389672
0.315123
0.275738
0.276732
0.268350
0.263178
0.270987
0.290992
0.244167
0.236603
0.243943
0.222065
0.250167
0.241427
0.311441
0.244708
0.311843
0.243907
0.217347
0.242102
0.250967
0.281849
0.289016
0.225755
0.202974
0.231523
0.206742
0.257075
0.203079
0.172767
0.258387
0.183212
0.181569
0.185928
0.203510
0.192947
0.216206
0.174422
0.186339
0.209770
0.364284
0.180451
0.204982
0.229344
0.252804
0.191229
0.178067
0.203164
0.209008
0.180659
0.200843
0.198525
0.160265
0.180831
0.162296
0.183054
0.158280
0.223379
0.165864
0.221787
0.155676
0.173654
0.290104
0.157256
0.179333
0.185972
0.168586
0.177971
