1.974969
1.966921
1.956129
1.941196
1.936836
1.917944
1.895043
1.870675
1.839470
1.816182
1.792773
1.769107
1.742259
1.724982
1.687749
1.677495
1.643586
1.625406
1.605828
1.576475
1.568980
1.542763
1.522038
1.502730
1.490498
1.477384
1.447443
1.439048
1.430198
1.409837
1.394498
1.383627
1.373615
1.354540
1.351203
1.341118
1.320125
1.305901
1.302433
1.298109
1.284578
1.266852
1.264395
1.253163
1.248797
1.241755
1.224924
1.223087
1.214049
1.199628
1.190106
1.184063
1.181117
1.187149
1.157752
1.152373
1.145146
1.137635
1.121633
1.120768
1.102021
1.108741
1.111728
1.095567
1.082747
1.065340
1.069184
1.067567
1.058952
1.036735
1.050798
1.017132
1.033987
1.010244
1.020700
0.980137
0.989445
0.985576
0.972230
0.962174
0.952164
0.950585
0.976709
0.934824
0.912480
0.916698
0.940561
0.933838
0.880593
0.888854
0.923768
0.872666
0.890317
0.837335
0.838196
0.838897
0.824793
0.844624
0.790273
0.821224
0.770714
0.809884
0.791386
0.729897
0.735802
0.741921
0.686552
0.750921
0.731685
0.721611
0.687410
0.628271
0.671324
0.664237
0.650909
0.644891
0.679050
0.605086
0.595356
0.559210
0.584593
0.625324
0.571470
0.593006
0.523005
0.544437
0.517359
0.509680
0.470043
0.498175
0.482671
0.438835
0.468001
0.435971
0.430783
0.413761
0.432100
0.374391
0.424868
0.384242
0.390882
0.364645
0.339346
0.360970
0.342814
0.379699
0.323098
0.331262
0.330602
0.306322
0.285523
0.313523
0.296254
0.265523
0.259955
0.265991
0.270012
0.259349
0.248635
0.251779
0.258614
0.293600
0.226641
0.228983
0.231743
0.267288
0.221065
0.244780
0.237336
0.209286
0.218801
0.253967
0.193777
0.233205
0.265394
0.231598
0.187214
0.184776
0.226206
0.226118
0.191629
0.192419
0.181884
0.179855
0.175811
0.169531
0.211132
0.165007
0.240249
0.159550
0.155002
0.189506
0.161743
0.166297
0.162557
0.152926
0.168382
0.161680
0.134769
0.154350
0.156575
0.139011
0.178660
0.138854
0.160363
0.166772
0.142333
0.127657
0.134879
0.151291
0.146227
0.148432
0.148107
0.145751
0.129458
0.128859
0.158112
0.133440
0.126601
0.123819
0.130695
0.145009
0.122391
0.141748
0.132614
0.137810
0.142102
0.116839
0.119943
0.119312
0.129755
0.112445
0.115179
0.114871
0.114762
0.120638
0.113062
0.118605
0.117838
0.121207
0.126920
0.115197
0.114177
0.118834
0.131677
0.100995
0.113430
0.109887
0.108154
0.106378
