2.413506
2.399073
2.384642
2.370999
2.347046
2.317270
2.275630
2.237665
2.195071
2.140351
2.107278
2.059538
2.017332
1.973930
1.933717
1.890500
1.854517
1.813087
1.770810
1.733361
1.705255
1.671257
1.637179
1.606547
1.580031
1.555954
1.535300
1.506614
1.485395
1.471035
1.455274
1.433905
1.422341
1.400400
1.390769
1.377376
1.366964
1.350586
1.350047
1.333051
1.321947
1.315422
1.311868
1.298166
1.288648
1.279721
1.276673
1.263387
1.261323
1.259248
1.250855
1.251134
1.237806
1.238748
1.230703
1.231313
1.222026
1.216051
1.212132
1.207802
1.204804
1.205543
1.193144
1.201588
1.181954
1.187458
1.185040
1.173918
1.175028
1.177658
1.170429
1.167514
1.161643
1.162290
1.161593
1.160072
1.145853
1.149613
1.148850
1.142633
1.144947
1.139848
1.139745
1.138429
1.136989
1.136167
1.133430
1.132472
1.130535
1.125510
1.121852
1.130865
1.117840
1.113661
1.115165
1.122859
1.116116
1.111059
1.106980
1.106253
1.109059
1.106121
1.097947
1.101922
1.095988
1.101251
1.094450
1.093623
1.090211
1.087636
1.085995
1.078997
1.084939
1.083886
1.080713
1.073024
1.073084
1.071130
1.072012
1.061916
1.071696
1.065718
1.060103
1.056706
1.052771
1.063234
1.057238
1.054092
1.051994
1.036580
1.056002
1.035657
1.037542
1.036217
1.026818
1.024377
1.024858
1.023411
1.024519
1.021515
1.022813
1.010192
1.012087
1.003619
0.993596
1.001834
0.991213
0.996336
0.958239
0.977338
0.980061
0.944607
0.938123
0.955563
0.950075
0.956654
0.931147
0.915711
0.911913
0.923229
0.907810
0.906778
0.921957
0.876674
0.887847
0.882199
0.870336
0.869491
0.850232
0.827018
0.864370
0.845963
0.818334
0.837678
0.792813
0.797552
0.774265
0.766588
0.781479
0.722099
0.753061
0.728651
0.766555
0.731582
0.749215
0.793300
0.738093
0.720998
0.700945
0.649629
0.680667
0.657706
0.652319
0.648468
0.631086
0.587453
0.646823
0.589233
0.612093
0.568626
0.550596
0.545586
0.608931
0.537073
0.549630
0.500291
0.497801
0.518983
0.497570
0.526962
0.455009
0.487646
0.520647
0.467039
0.420072
0.430955
0.441325
0.434509
0.425225
0.421525
0.377997
0.394628
0.374378
0.426344
0.365720
0.377313
0.394923
0.378904
0.364557
0.321983
0.333908
0.302518
0.306052
0.297099
0.315214
0.302930
0.305244
0.290620
0.282775
0.322782
0.273528
0.238690
0.246805
0.280698
0.271683
0.247916
0.229387
0.241455
0.222544
0.256027
