2.136423
2.134816
2.108596
2.100178
2.078893
2.048800
2.021644
1.994657
1.962718
1.921322
1.894827
1.845363
1.820608
1.784316
1.753439
1.716835
1.688125
1.643834
1.616184
1.600357
1.562110
1.546932
1.513517
1.494645
1.480000
1.464472
1.430765
1.411562
1.413729
1.386364
1.384421
1.356967
1.341427
1.334510
1.328961
1.312325
1.300199
1.295114
1.277105
1.269018
1.269732
1.259015
1.252175
1.249121
1.238548
1.237163
1.222845
1.214108
1.214555
1.214974
1.198983
1.202530
1.206029
1.200767
1.186153
1.180431
1.186692
1.177540
1.173993
1.164231
1.170860
1.164794
1.153472
1.160887
1.145688
1.149457
1.147839
1.154963
1.125271
1.129170
1.145465
1.129429
1.123872
1.129049
1.114011
1.120697
1.121130
1.107331
1.115875
1.105279
1.097077
1.103303
1.087728
1.088490
1.094053
1.093002
1.082745
1.077486
1.089165
1.080660
1.088006
1.080369
1.055562
1.067524
1.073638
1.053685
1.052841
1.048290
1.057195
1.036698
1.039063
1.045159
1.020433
1.016753
1.004121
1.025231
1.040804
1.003109
1.002923
0.998688
0.993438
0.987050
0.983610
0.966975
0.981178
0.965709
0.966116
0.973725
0.962380
0.952873
0.933552
0.957501
0.946298
0.974379
0.919212
0.924939
0.905284
0.900226
0.885426
0.918016
0.888828
0.860572
0.858327
0.880305
0.841386
0.816349
0.823002
0.847334
0.838378
0.844699
0.792102
0.861790
0.781760
0.849563
0.792819
0.776009
0.804186
0.755805
0.794260
0.723610
0.749348
0.733205
0.754647
0.736941
0.697585
0.729213
0.651912
0.703624
0.663148
0.694425
0.603009
0.601539
0.699957
0.581926
0.629254
0.627520
0.638429
0.600492
0.633158
0.553690
0.539187
0.534506
0.596743
0.571242
0.547127
0.559496
0.515936
0.481846
0.501529
0.520280
0.505226
0.448430
0.485127
0.564481
0.481441
0.492279
0.496610
0.450954
0.441879
0.438028
0.447172
0.396153
0.391401
0.419522
0.398370
0.402355
0.373623
0.356005
0.370474
0.335893
0.401528
0.316649
0.353529
0.317670
0.318622
0.295722
0.362883
0.314109
0.338124
0.294764
0.404040
0.291000
0.365997
0.438318
0.281885
0.289803
0.342574
0.269228
0.367066
0.269122
0.285566
0.307559
0.279639
0.276028
0.270446
0.290984
0.265999
0.292770
0.271704
0.273475
0.233949
0.266240
0.317003
0.274206
0.255330
0.258777
0.319885
0.268793
0.276249
0.284209
0.236224
0.279466
0.272620
0.289117
0.226583
0.302251
0.266501
0.250228
0.250447
0.258477
0.236934
0.245556
0.194854
0.212027
0.200557
0.219343
0.187630
0.200189
0.248516
0.171309
0.177314
0.176330
0.195721
0.161945
0.229366
0.189566
0.239625
0.269033
0.243511
0.202791
0.300816
0.195386
0.208567
0.193392
0.280321
0.175849
0.221566
0.207094
0.231736
0.163780
0.258215
0.195854
0.208291
0.185866
0.168783
0.186338
0.194521
0.183948
0.181586
0.219229
0.162509
0.243232
0.188591
0.143340
0.201971
0.159178
0.186855
0.149192
0.197576
0.150766
0.178186
0.156649
0.168834
0.216202
0.175771
0.215502
0.152760
0.159931
0.185963
0.184362
0.131284
0.187405
0.160568
0.182177
0.154253
0.121501
0.126508
0.178378
0.195958
0.185647
0.149663
0.182800
0.184388
0.149054
0.150997
0.154959
0.194506
0.191406
0.174243
0.163856
0.140766
0.165320
0.177747
0.121732
0.159981
0.148814
0.167575
0.186953
0.148278
0.226991
0.136454
0.136375
0.178530
0.182754
0.169831
0.139178
0.124222
0.176921
0.177892
0.108186
0.237295
0.148596
0.107992
0.130939
0.145218
0.124935
0.131283
0.134460
0.179872
0.161202
0.119971
0.158318
0.181405
0.162778
0.154859
0.136542
0.136309
0.169544
0.247304
0.127223
0.106742
0.105870
0.124662
0.124273
0.139296
0.142051
0.153795
0.145383
0.132340
0.113217
0.140456
0.136603
0.126152
0.149228
0.155125
0.168524
0.110275
0.132657
0.154882
0.110403
0.107787
0.097966
0.192486
0.186287
0.167188
0.134904
0.106084
0.140066
0.131623
0.141626
