2.074431
2.065872
2.051615
2.038527
2.015361
1.993750
1.964890
1.933617
1.899011
1.867293
1.835321
1.794786
1.762171
1.722429
1.698639
1.665563
1.632597
1.594561
1.566041
1.533555
1.513475
1.493438
1.461492
1.447064
1.421151
1.401188
1.388291
1.371130
1.359313
1.338771
1.327520
1.316057
1.308192
1.292579
1.276172
1.264308
1.265619
1.251793
1.238934
1.240729
1.213842
1.224983
1.217049
1.198100
1.208226
1.184895
1.178854
1.172009
1.164012
1.156217
1.172112
1.156072
1.134825
1.136586
1.119692
1.126361
1.121711
1.117357
1.094850
1.081954
1.082098
1.078380
1.081616
1.089931
1.056070
1.047072
1.048945
1.033483
1.019109
1.035854
1.024013
1.022613
1.014648
1.003414
0.985849
1.000158
0.991491
1.003203
0.958101
0.962408
0.961413
0.958814
0.941518
0.941906
0.926504
0.935370
0.924628
0.917657
0.923998
0.900726
0.893891
0.889368
0.863498
0.881402
0.893338
0.850770
0.832911
0.803937
0.816395
0.850543
0.779159
0.801270
0.791778
0.861370
0.737774
0.760076
0.786189
0.747594
0.793116
0.779348
0.755368
0.726463
0.712468
0.692121
0.698707
0.687206
0.676169
0.660069
0.671223
0.643643
0.628953
0.620109
0.634132
0.576647
0.578875
0.592178
0.591980
0.584822
0.562139
0.544035
0.539582
0.555407
0.478851
0.524975
0.554432
0.515431
0.500509
0.526445
0.535026
0.446006
0.447350
0.463382
0.425732
0.428934
0.438121
0.411266
0.400545
0.394771
0.410239
0.419929
0.379250
0.371383
0.344021
0.327141
0.331496
0.362958
0.335963
0.366595
0.310363
0.319199
0.331076
0.302075
0.290422
0.306333
0.286556
0.272469
0.287956
0.301321
0.298069
0.292538
0.280792
0.262935
0.311366
0.266683
0.261948
0.324816
0.249275
0.275188
0.254037
0.268838
0.247347
0.260038
0.264845
0.259212
0.255583
0.257059
0.220686
0.284637
0.217314
0.232684
0.206054
0.216302
0.232011
0.211370
0.232472
0.219918
0.252386
0.205678
0.199202
0.213517
0.238730
0.218952
0.192923
0.181636
0.199727
0.198618
0.202355
0.218721
0.236276
0.232091
0.185084
0.180287
0.190088
0.199591
0.206808
0.171774
0.207029
0.202835
0.212805
0.189895
0.220530
0.205979
0.169305
0.158485
0.193439
0.174278
0.179233
0.177437
0.202472
0.195327
0.163253
0.184137
0.180251
0.197678
0.178647
0.164676
0.164817
0.155760
0.172618
0.168530
0.181051
0.147305
0.159291
0.170459
0.182929
0.172293
0.152954
0.163930
0.160128
0.164718
0.197719
0.131986
0.172585
0.147279
0.163527
0.158593
0.145470
0.149290
0.155425
0.155237
0.158737
0.142990
0.164086
0.138170
0.152835
0.139595
0.148686
0.152786
0.145210
0.176735
0.167143
0.156288
0.134218
0.151079
0.150188
0.166578
0.133805
0.117585
0.152827
0.162779
0.153073
0.128910
0.138029
0.126069
0.139614
0.138202
0.131794
0.142012
0.177571
0.123364
0.156893
0.163671
0.125626
0.115725
0.119411
0.133535
0.105437
0.124811
0.123096
0.120371
0.156545
0.144805
0.124240
0.152498
0.117998
0.126263
0.130712
0.121214
0.114834
0.114535
0.112485
0.168995
0.124999
0.123750
0.102437
0.105898
0.122716
0.133613
0.116099
0.104399
0.124966
0.104183
0.105373
0.115146
0.118393
0.118557
0.105273
0.106894
0.110990
0.110444
0.106608
0.122780
0.149072
0.103667
0.106120
0.096680
0.097934
0.137076
0.118630
0.108709
0.109526
0.114751
0.121128
0.108809
0.095608
0.104544
0.096156
0.108597
0.098314
0.107762
0.095629
0.121198
0.103261
0.081309
0.095186
0.107195
0.118702
0.105045
0.093783
0.090451
0.085857
0.124166
0.092167
0.078230
0.118434
0.116692
0.085685
0.079130
0.100574
0.105102
0.088438
0.166441
0.087982
0.102293
0.092072
0.093179
0.108708
0.109521
0.109417
0.082671
0.080542
0.094989
0.105723
0.081559
0.083857
0.115692
0.091783
0.093007
0.099457
0.095238
0.091282
0.080386
0.115914
0.077066
0.104332
0.102960
0.070958
0.083798
0.078513
0.076170
