1.863153
1.855879
1.848147
1.838899
1.826136
1.814855
1.784006
1.768044
1.751733
1.717927
1.702747
1.676309
1.658130
1.616365
1.592391
1.576347
1.553255
1.544325
1.513892
1.484605
1.468641
1.444379
1.426586
1.412727
1.390946
1.385891
1.369744
1.354830
1.345074
1.336629
1.319000
1.308491
1.293914
1.278562
1.272591
1.263371
1.264866
1.253219
1.235391
1.227683
1.229741
1.215211
1.216933
1.199337
1.201131
1.185601
1.191625
1.169119
1.186433
1.163471
1.164078
1.161194
1.152634
1.146145
1.149291
1.153364
1.140115
1.135328
1.113456
1.109468
1.103817
1.106594
1.106597
1.088326
1.092404
1.098960
1.097639
1.072764
1.070894
1.077007
1.056956
1.089328
1.040733
1.042639
1.043694
1.063646
1.045082
1.050893
1.033306
1.037977
1.023249
1.011268
0.995555
1.019163
0.993636
1.002206
0.972732
1.001203
1.014255
1.004265
1.004212
0.946724
0.965475
0.956808
0.941504
0.981518
0.927142
0.922598
0.940883
0.913422
0.923573
0.907490
0.948492
0.936745
0.896880
0.882415
0.886695
0.873583
0.901573
0.879045
0.833762
0.851522
0.895905
0.866548
0.851333
0.871209
0.820836
0.800129
0.754865
0.806118
0.790330
0.777320
0.758115
0.767598
0.727153
0.761351
0.730158
0.729478
0.801056
0.752852
0.754398
0.759022
0.731861
0.673282
0.674348
0.661630
0.717148
0.628164
0.617892
0.691559
0.616192
0.613871
0.687130
0.651125
0.665494
0.614049
0.610418
0.563701
0.561567
0.553617
0.570225
0.535595
0.575665
0.478632
0.524696
0.484592
0.524680
0.570835
0.519553
0.504708
0.539407
0.546943
0.433658
0.517677
0.436712
0.414346
0.482757
0.484362
0.364290
0.451879
0.454578
0.375316
0.464945
0.428847
0.379145
0.353014
0.347949
0.379269
0.456439
0.311424
0.354622
0.314458
0.427753
0.378194
0.331214
0.360069
0.350098
0.321314
0.311142
0.322665
0.406914
0.341695
0.268395
0.360536
0.291569
0.299881
0.286141
0.283150
0.350253
0.309300
0.251713
0.266669
0.361256
0.316886
0.250313
0.239204
0.284294
0.316323
0.237485
0.282456
0.247893
0.279000
0.256119
0.207744
0.255711
0.234526
0.251148
0.207686
0.248496
0.269599
0.303253
0.243739
0.266327
0.317262
0.259955
0.304690
0.216180
0.211115
0.295636
0.264327
0.250414
0.229924
0.186410
0.236739
0.196697
0.172321
0.205065
0.211050
0.199586
0.228709
0.212667
0.207866
0.251098
0.214285
0.219243
0.194189
0.205061
0.308278
0.261500
0.171844
0.204730
0.173448
0.253274
0.204512
0.235534
0.159251
0.210344
0.205853
0.147835
0.174201
0.209462
0.193968
0.215264
0.220526
0.218393
0.179916
0.152683
0.218430
0.179768
0.183028
0.169616
0.179717
0.164941
0.191543
0.286989
0.156835
0.163667
0.169342
0.191530
0.239180
0.161243
0.160890
0.188924
0.144468
0.173645
0.207420
0.231126
0.184014
0.159749
0.238040
0.148605
0.141901
0.147880
0.192382
0.141180
0.262595
0.146358
0.177716
0.164799
0.145303
0.185864
0.191515
0.142192
0.190626
0.151016
0.160731
0.178215
0.166565
0.254831
0.163091
0.208765
0.125537
0.210477
0.126652
0.143249
0.184483
0.169097
0.111378
0.158627
0.155135
0.168372
0.144887
0.175380
0.133950
0.144705
0.168429
0.187036
0.171550
0.180763
0.167898
0.155492
0.126180
0.110831
0.176318
0.135467
0.188233
0.153122
0.136238
0.213799
0.218656
0.152970
0.148589
0.146705
0.151887
0.209522
0.181141
0.110714
0.131768
0.127538
0.144260
0.164171
0.169957
0.142567
0.165986
0.114469
0.132392
0.233770
0.193754
0.173105
0.190752
0.239295
0.124248
0.198463
0.130334
0.149708
0.127720
0.145346
0.202883
0.179485
0.157680
0.138004
0.127996
0.216590
0.128396
0.113967
0.150733
0.126674
0.159094
0.122513
0.163274
0.141927
0.177089
0.145892
0.147884
0.137681
0.138419
0.145165
0.150364
0.155233
0.119054
0.115637
0.115331
0.141681
0.139452
0.144282
0.125126
0.106441
0.106896
0.163439
0.234988
