2.199440
2.189202
2.179824
2.165024
2.149769
2.109714
2.089427
2.051513
2.026906
1.996650
1.957182
1.917903
1.884679
1.847077
1.822930
1.787840
1.755033
1.722510
1.688510
1.668519
1.638316
1.609831
1.590252
1.572473
1.549536
1.522271
1.512700
1.491206
1.477558
1.463674
1.441433
1.434213
1.419823
1.416010
1.397611
1.387328
1.375153
1.367036
1.357354
1.355905
1.343447
1.327860
1.317011
1.310060
1.304846
1.297689
1.287096
1.286991
1.281440
1.274163
1.265824
1.258736
1.258132
1.257027
1.244448
1.245903
1.236100
1.233614
1.238310
1.223719
1.227127
1.228648
1.217095
1.206623
1.210151
1.199139
1.200872
1.200220
1.191175
1.192906
1.186194
1.186048
1.179099
1.184015
1.174443
1.171204
1.171711
1.167334
1.167463
1.167372
1.158718
1.164413
1.154492
1.158637
1.148505
1.152492
1.150433
1.154017
1.149851
1.148247
1.147646
1.140094
1.139208
1.139680
1.129957
1.132766
1.129327
1.127085
1.128550
1.129063
1.125075
1.129475
1.125198
1.128184
1.116997
1.115891
1.115586
1.111333
1.113265
1.108080
1.110714
1.114256
1.109246
1.104805
1.104818
1.104673
1.098288
1.094334
1.093065
1.094247
1.085921
1.093275
1.091320
1.082173
1.079234
1.081071
1.081707
1.076697
1.076428
1.074438
1.087376
1.075339
1.070271
1.075701
1.062013
1.066351
1.074084
1.059013
1.051079
1.055738
1.049666
1.064529
1.060633
1.059107
1.044828
1.044072
1.037456
1.048535
1.038666
1.024700
1.031273
1.027112
1.026272
1.031855
1.023212
1.011651
1.005833
1.006745
1.001387
0.996998
1.004287
0.981826
0.992836
0.977965
0.988906
0.995171
0.960945
0.950575
0.970689
0.950207
0.943802
0.951867
0.926202
0.920233
0.920343
0.911528
0.932931
0.894760
0.892479
0.900675
0.915234
0.869975
0.840220
0.854275
0.836770
0.840349
0.809729
0.825900
0.819093
0.821493
0.819089
0.805546
0.782894
0.753146
0.702004
0.757160
0.800548
0.779791
0.708641
0.710382
0.745627
0.683383
0.673644
0.692094
0.678732
0.636925
0.637086
0.676136
0.711291
0.628384
0.636413
0.607092
0.585882
0.611955
0.562926
0.576087
0.575009
0.524253
0.544911
0.509900
0.536961
0.502251
0.527612
0.544634
0.525677
0.406614
0.486146
0.465904
0.481564
0.457206
0.417283
0.435005
0.386954
0.383614
0.468749
0.399831
0.423243
0.361842
0.336300
0.390968
0.406315
0.331604
0.455056
0.322048
0.435713
0.368936
0.364898
0.331079
0.304953
0.302241
0.301618
0.390757
0.302675
0.303200
0.341284
0.367925
0.255345
0.330269
0.281757
0.238629
0.250551
0.238670
0.285136
0.339121
0.225796
0.277063
0.231440
0.236502
0.262748
0.232256
0.270945
0.219099
0.277250
0.204359
0.253266
0.227226
0.261390
0.268833
0.203411
0.235766
0.212272
0.229693
0.236350
0.219209
0.233790
0.191835
0.216794
0.174601
0.199924
0.217352
0.180093
0.190353
0.186829
0.211179
0.223742
0.175537
0.220284
0.180381
0.171094
0.249791
0.220935
0.138222
0.184257
0.185586
0.154860
0.152889
0.176924
0.237599
0.152961
0.257445
0.171751
0.208666
0.141992
0.174886
0.155986
0.168878
0.255284
0.197389
0.139264
0.179857
0.170027
0.193234
0.149547
0.141510
0.141903
0.141527
0.183016
0.130441
0.146034
0.149156
0.232547
0.184065
0.165749
0.205402
0.160328
0.134173
0.150857
0.184051
0.199981
0.144950
0.112085
0.208992
0.145284
0.147370
0.164005
0.143768
0.150443
0.148199
0.118432
0.124324
0.123998
0.129924
0.160548
0.147590
0.141010
0.115947
0.105740
0.149871
0.138308
0.131421
0.182864
0.126671
0.138831
0.123120
0.120173
0.169400
0.139501
0.138974
0.106120
0.101909
0.117176
0.156221
0.123525
0.109970
0.123322
0.210578
0.122710
0.127722
0.126166
0.131150
0.195332
0.126939
0.170903
0.118349
0.124111
0.153494
0.180879
0.143030
0.114863
0.147330
0.105820
0.106897
0.113937
0.143886
0.149815
0.142383
0.139077
0.125872
0.111071
0.137406
