2.361038
2.368349
2.356126
2.323245
2.293476
2.283118
2.223318
2.185556
2.147683
2.111068
2.048646
1.999744
1.976018
1.931849
1.875227
1.838333
1.807638
1.757844
1.717933
1.682477
1.646750
1.634681
1.593840
1.563709
1.546879
1.519858
1.485283
1.480332
1.448690
1.443696
1.409281
1.407823
1.386294
1.377399
1.368283
1.339779
1.338756
1.321880
1.312800
1.303488
1.305366
1.289628
1.279227
1.273004
1.263937
1.266958
1.239622
1.241612
1.238710
1.215845
1.210047
1.204874
1.205546
1.185558
1.188514
1.190400
1.187397
1.155678
1.152520
1.148831
1.159029
1.141837
1.156510
1.145960
1.136392
1.128091
1.121581
1.116967
1.119389
1.111574
1.071961
1.090544
1.083102
1.087918
1.069029
1.097517
1.064614
1.047894
1.068296
1.041515
1.050948
1.063204
1.037409
1.030258
1.023990
1.001824
1.010113
0.980546
1.013256
1.014654
0.982091
0.972831
0.965272
0.975796
0.930197
0.963634
0.961267
0.955630
0.957349
0.944335
0.915827
0.949064
0.902324
0.936386
0.885924
0.869477
0.896586
0.857855
0.883880
0.891070
0.870083
0.859923
0.857520
0.840150
0.808486
0.777192
0.789751
0.810521
0.786745
0.780441
0.770847
0.776158
0.720091
0.721728
0.719753
0.741971
0.720074
0.708884
0.720545
0.804277
0.755761
0.740282
0.676240
0.670481
0.638457
0.641615
0.641234
0.733538
0.620990
0.669310
0.586033
0.566526
0.605649
0.585219
0.526957
0.694388
0.489107
0.553023
0.537964
0.574948
0.554784
0.468992
0.530337
0.493513
0.439000
0.449513
0.438018
0.446821
0.479844
0.438979
0.408978
0.439880
0.472298
0.420623
0.366562
0.432847
0.453123
0.392005
0.351914
0.376067
0.381709
0.306775
0.372786
0.313017
0.384896
0.298740
0.337317
0.324061
0.356667
0.297639
0.269632
0.307671
0.373834
0.333490
0.287053
0.268746
0.238702
0.270174
0.360473
0.288276
0.287391
0.280922
0.278914
0.211497
0.279104
0.245284
0.247370
0.228996
0.223883
0.271278
0.258489
0.226634
0.222833
0.320925
0.286562
0.200927
0.229102
0.218536
0.218545
0.221461
0.251219
0.261328
0.213255
0.230065
0.235619
0.195217
0.256266
0.196261
0.196078
0.198342
0.284890
0.176348
0.198509
0.189862
0.209781
0.222800
0.182518
0.218060
0.181851
0.248316
0.202236
0.185603
0.189443
0.156787
0.294339
0.155441
0.170169
0.185538
0.197961
0.254578
0.181204
0.262728
0.190392
0.162016
0.178430
0.209558
0.279554
0.154406
0.175369
0.180723
0.196240
0.279423
0.183657
0.114410
0.202046
0.171549
0.143823
0.187374
0.174542
0.138891
0.154874
0.248191
0.154722
0.219870
0.163225
0.153764
0.223759
0.140149
0.159295
0.175289
0.164567
0.121756
0.144703
0.146964
0.126960
0.121595
0.213598
0.169321
0.163134
0.138264
0.178547
0.161123
0.157237
0.166795
0.167229
0.295245
0.203404
0.163187
0.297291
0.116593
0.160200
0.167104
0.127753
0.129433
0.148727
0.148611
0.142753
0.142239
0.183564
0.178242
0.153167
0.147837
0.147215
0.135718
0.135488
0.183835
0.202764
0.161903
0.138651
0.113454
0.140689
0.161551
0.107466
0.159257
0.153859
0.118282
0.130069
0.179225
0.161490
0.138961
0.154491
0.140674
0.197381
0.136804
0.189256
0.170574
0.141645
0.141050
0.126320
0.127756
0.141209
0.134545
0.151063
0.119277
0.111409
0.146949
0.124863
0.129054
0.118802
0.152613
0.156568
0.122419
0.101855
0.143218
0.157443
0.102141
0.148199
0.112540
0.134804
0.109351
0.142488
0.241962
0.122248
0.135887
0.113640
0.208873
0.142696
0.125644
0.117517
0.128705
0.104101
0.132193
0.116353
0.125873
0.118556
0.115527
0.237492
0.101146
0.127781
0.121667
0.146563
0.174167
0.132433
0.112695
0.118223
0.147065
0.114646
0.155216
0.115841
0.092918
0.152126
0.142080
0.225962
0.122040
0.187898
0.099088
0.107086
0.125721
0.104564
0.124724
0.120001
0.116668
0.100027
0.133020
0.103571
0.125092
0.182050
0.101942
0.124681
0.106413
