2.211691
2.195692
2.189085
2.152107
2.139977
2.115000
2.088096
2.056064
2.013135
1.995147
1.963533
1.916884
1.880665
1.829309
1.815274
1.770122
1.732067
1.706571
1.670756
1.644480
1.613693
1.591224
1.569948
1.532088
1.515363
1.492633
1.474830
1.458638
1.439921
1.415367
1.411975
1.390359
1.378038
1.353673
1.357231
1.335436
1.330980
1.301758
1.285717
1.272955
1.274231
1.254535
1.248278
1.262197
1.247366
1.222031
1.214970
1.210747
1.200658
1.193739
1.191723
1.168706
1.185539
1.179647
1.148783
1.155251
1.147756
1.145583
1.117784
1.134846
1.090437
1.101868
1.117319
1.101405
1.077143
1.094436
1.074875
1.064506
1.065205
1.080221
1.047988
1.036104
1.033415
1.022921
1.018685
1.035883
1.017471
0.999414
1.020242
1.005313
0.995622
0.998715
0.953332
0.926607
0.942058
0.982574
0.948726
0.914271
0.897811
0.952890
0.949433
0.899676
0.907786
0.877958
0.900439
0.881001
0.909403
0.901231
0.853853
0.876378
0.809377
0.867365
0.908685
0.856551
0.871857
0.767285
0.795868
0.780454
0.799601
0.796748
0.719446
0.755806
0.700307
0.763609
0.742195
0.730665
0.721909
0.700250
0.659455
0.753126
0.688700
0.646537
0.659234
0.647522
0.605219
0.615561
0.604085
0.614519
0.604633
0.623739
0.596787
0.596205
0.556209
0.519506
0.577444
0.504145
0.520451
0.493184
0.513827
0.533923
0.448881
0.479791
0.517296
0.431496
0.401593
0.446659
0.449043
0.503019
0.517737
0.407288
0.394275
0.365055
0.343690
0.348883
0.347666
0.339504
0.353715
0.315052
0.367966
0.356094
0.318096
0.296754
0.356872
0.287058
0.285633
0.368933
0.310470
0.344149
0.255771
0.284292
0.288105
0.273425
0.359175
0.257212
0.264780
0.293999
0.230446
0.258153
0.253438
0.250114
0.220818
0.256331
0.289975
0.246144
0.255586
0.275156
0.244473
0.262774
0.226252
0.245349
0.230318
0.228252
0.207601
0.196234
0.193735
0.259066
0.223337
0.192047
0.179275
0.175710
0.280449
0.277611
0.189458
0.200177
0.194925
0.191547
0.232151
0.156433
0.196254
0.168029
0.191140
0.172672
0.209782
0.175134
0.180063
0.186223
0.206692
0.179758
0.164261
0.186373
0.189274
0.172774
0.176556
0.159673
0.170393
0.171996
0.160984
0.169027
0.148152
0.163741
0.145564
0.152645
0.151363
0.204159
0.156777
0.155414
0.141521
0.129299
0.151366
0.168624
0.155051
0.159052
0.199940
0.143547
0.156938
0.149877
0.149221
0.143999
0.144670
0.132382
0.164644
0.159205
0.155156
0.157954
0.130478
0.172559
0.133424
0.122345
0.127636
0.165185
0.127506
0.132322
0.149058
0.156118
0.149970
0.134617
0.113557
0.157185
0.135634
0.113634
0.126124
0.120792
0.144561
0.152687
0.158354
0.188468
0.120818
0.186457
0.132174
0.127336
0.173280
0.132257
0.123406
0.115462
0.143338
0.138761
0.114477
0.140012
0.106984
0.135717
0.162144
0.128001
0.148182
0.121830
0.119300
0.124691
0.172844
0.094663
0.125731
0.137171
0.108605
0.122718
0.118145
0.105568
0.184959
0.133037
0.128391
0.110746
0.112802
0.102274
0.111703
0.140012
0.107158
0.124053
0.107798
0.131057
0.112372
0.107996
0.145409
0.101823
0.140299
0.119449
0.127340
0.125817
0.173577
0.100905
0.106879
0.120656
0.102476
0.093272
0.138081
0.157343
0.129343
0.105833
0.124233
0.097003
0.106598
0.106167
0.098439
0.114574
0.094863
0.100123
0.102188
0.146444
0.115980
0.089433
0.097624
0.100396
0.172043
0.093279
0.120200
0.088555
0.098516
0.126171
0.122673
0.129138
0.100610
0.127321
0.097754
0.119229
0.096817
0.109632
0.108769
0.098934
0.097952
0.089417
0.093556
0.150101
0.108011
0.097552
0.095236
0.109901
0.118155
0.153806
0.110044
0.126197
0.100016
0.092643
0.105810
0.119255
0.108499
0.135581
0.103132
0.087674
0.105704
0.141734
0.088480
0.111432
0.095433
0.083597
0.104695
0.108248
0.103379
0.098914
0.114411
0.099468
0.144014
0.083212
0.096891
0.091746
