1.819182
1.808578
1.809434
1.797413
1.788313
1.765322
1.750231
1.735782
1.720509
1.695155
1.685613
1.657738
1.641258
1.627023
1.598060
1.579515
1.567798
1.541121
1.524949
1.520000
1.485697
1.478535
1.458626
1.440224
1.431653
1.424191
1.400435
1.388135
1.382506
1.372925
1.360630
1.345920
1.336903
1.324910
1.315643
1.311468
1.299807
1.296311
1.283577
1.279637
1.265824
1.267423
1.254942
1.248814
1.244423
1.237233
1.238903
1.226351
1.227136
1.217077
1.210673
1.209924
1.200572
1.197624
1.197939
1.192581
1.188522
1.188189
1.177040
1.169994
1.169634
1.169888
1.157419
1.155798
1.153492
1.150298
1.143972
1.146314
1.139298
1.139383
1.128994
1.128593
1.121124
1.126394
1.128054
1.121917
1.106103
1.104640
1.101290
1.102051
1.097909
1.087841
1.084392
1.092537
1.087163
1.086701
1.072501
1.071321
1.071937
1.053357
1.066641
1.066350
1.051730
1.060331
1.053023
1.044294
1.035705
1.030689
1.039878
1.022865
1.010833
1.001434
1.018132
1.001621
1.009208
1.002483
0.996339
0.984706
0.981488
0.977113
0.978929
0.999897
0.952029
0.976735
0.962812
0.968411
0.960852
0.949197
0.938313
0.950593
0.922827
0.932611
0.927063
0.920399
0.917734
0.903938
0.891919
0.878749
0.899234
0.880196
0.900774
0.872285
0.873535
0.858422
0.838895
0.850904
0.874165
0.833690
0.844018
0.854758
0.810955
0.809901
0.779963
0.798645
0.796458
0.783064
0.769689
0.755561
0.713142
0.723538
0.701098
0.681294
0.692290
0.709773
0.657617
0.632608
0.633253
0.602193
0.637726
0.650708
0.604956
0.573973
0.593983
0.585752
0.552876
0.562849
0.531622
0.514757
0.508583
0.481625
0.513528
0.511625
0.459141
0.433641
0.446058
0.451105
0.390981
0.485817
0.427486
0.384456
0.406066
0.396096
0.376048
0.382987
0.366301
0.350093
0.317049
0.333051
0.322581
0.312490
0.324836
0.320907
0.321235
0.280992
0.296868
0.378780
0.274065
0.289469
0.325060
0.269791
0.234313
0.285632
0.233846
0.255686
0.289331
0.235414
0.215310
0.212990
0.235170
0.209826
0.216394
0.282724
0.219542
0.222298
0.201357
0.289675
0.201484
0.207427
0.191687
0.228313
0.199778
0.218201
0.182081
0.187922
0.187518
0.176009
0.198605
0.199907
0.176573
0.161111
0.173713
0.154852
0.169256
0.148215
0.169726
0.150132
0.142250
0.210364
0.158120
0.154986
0.188620
0.149372
0.150543
0.177218
0.153239
0.150911
0.141133
0.146980
0.137748
0.129747
0.142190
0.156960
0.120278
0.132814
0.134320
0.130065
0.141870
0.166152
0.126146
0.149992
0.137041
0.129840
0.136483
0.117175
0.130567
0.111863
0.138905
0.114708
0.119564
0.129833
0.152981
0.108704
0.137133
0.134461
0.112266
0.106839
0.107830
0.116719
0.139884
0.108261
0.133149
0.107020
0.096242
0.103267
0.106291
0.103438
0.117790
0.113922
0.098869
0.100593
0.121562
0.108317
0.100629
0.095573
0.103617
0.105194
0.108530
0.149000
0.135993
0.108316
0.103698
0.099055
0.106504
0.088516
0.108575
0.105206
0.101968
0.120230
0.092171
0.115993
0.103584
0.103219
0.092570
0.095327
0.091294
0.094113
0.094264
0.109916
0.095206
0.083333
0.088213
0.084104
0.080270
0.082192
0.095398
0.102521
0.082628
0.104319
0.082878
0.086501
0.082480
0.087643
0.072953
0.101315
0.079746
0.090273
0.073794
0.078709
0.096638
0.074030
0.081344
0.075029
0.072653
0.094690
0.078998
0.093076
0.110708
0.070974
0.077647
0.086013
0.099113
0.080676
0.075968
0.080066
0.079779
0.074129
0.109345
0.077155
0.075769
0.084378
0.079043
0.077601
0.076943
0.071633
0.074355
0.072854
0.094358
0.065720
0.073515
0.075646
0.062891
0.082706
0.076333
0.086423
0.071981
0.069776
0.104603
0.078856
0.072684
0.078438
0.069729
0.069484
0.077091
0.062137
0.061002
0.079459
0.073677
0.086670
0.073557
0.075700
0.065631
0.076739
0.066313
0.057548
0.059018
0.066204
0.118045
0.069955
0.069666
0.073607
