2.052682
2.056505
2.041632
2.021068
2.012833
1.987117
1.971264
1.939137
1.911851
1.885053
1.853200
1.820727
1.793049
1.769377
1.736652
1.705080
1.676899
1.650702
1.624026
1.605098
1.574751
1.564099
1.533820
1.512193
1.497088
1.482126
1.455008
1.443625
1.428331
1.413000
1.400841
1.387450
1.372164
1.358894
1.349498
1.331489
1.336408
1.314865
1.311598
1.303948
1.294424
1.277144
1.281300
1.267214
1.252711
1.249742
1.239944
1.238045
1.233370
1.227569
1.220839
1.218772
1.211643
1.206930
1.200352
1.200139
1.187463
1.187680
1.175349
1.186965
1.164958
1.171313
1.164812
1.162781
1.139626
1.146755
1.150074
1.136277
1.128729
1.131974
1.119306
1.114704
1.117840
1.096169
1.091161
1.113874
1.097749
1.095490
1.095931
1.089358
1.086142
1.051663
1.077173
1.064113
1.036360
1.053538
1.050470
1.032825
1.008680
0.996402
1.004540
0.992874
1.014180
0.954895
1.007341
0.997526
0.954713
0.952652
0.934891
0.944455
0.914189
0.936944
0.948653
0.980598
0.936099
0.910913
0.912302
0.884852
0.900494
0.905152
0.864297
0.865405
0.849938
0.860026
0.820904
0.842831
0.817934
0.816070
0.812364
0.818633
0.816524
0.776062
0.830564
0.793936
0.802096
0.755486
0.774920
0.747836
0.747897
0.797174
0.731672
0.684296
0.670056
0.679051
0.645579
0.624606
0.675838
0.662908
0.594064
0.656539
0.640745
0.564649
0.579015
0.578059
0.588051
0.593173
0.565575
0.595651
0.603868
0.589736
0.549614
0.497322
0.557068
0.553749
0.493630
0.524984
0.509617
0.470570
0.420391
0.465653
0.424745
0.440196
0.395849
0.381302
0.428220
0.424281
0.439416
0.407352
0.391751
0.396364
0.410276
0.416132
0.384507
0.329496
0.390643
0.420483
0.344116
0.339283
0.400100
0.277475
0.368170
0.305421
0.344398
0.286073
0.277989
0.309995
0.339882
0.281275
0.341274
0.281261
0.261988
0.275431
0.279144
0.333038
0.236183
0.234929
0.263769
0.237585
0.243317
0.228585
0.275257
0.236427
0.227047
0.274770
0.285734
0.205263
0.214094
0.218731
0.198183
0.259843
0.198779
0.233757
0.280229
0.235555
0.216365
0.234402
0.170545
0.176000
0.208969
0.199814
0.170877
0.187425
0.188014
0.235280
0.234634
0.192519
0.171873
0.218588
0.224886
0.203395
0.160193
0.175657
0.183790
0.195916
0.182677
0.162643
0.160387
0.183252
0.274213
0.202107
0.149246
0.183291
0.182130
0.276300
0.169732
0.165514
0.165352
0.176246
0.155482
0.150490
0.156428
0.147441
0.168321
0.170077
0.151995
0.201498
0.209456
0.155864
0.181318
0.187137
0.169820
0.139998
0.181813
0.148561
0.189176
0.127843
0.151095
0.147544
0.161310
0.129900
0.120212
0.146606
0.146899
0.181076
0.132024
0.152114
0.190868
0.139472
0.159971
0.124429
0.142616
0.127202
0.221397
0.160834
0.149819
0.119021
0.155537
0.131140
0.134825
0.142976
0.118054
0.131531
0.183342
0.116705
0.138847
0.214004
0.144674
0.127306
0.141543
0.140049
0.133217
0.130019
0.160994
0.167110
0.124549
0.149012
0.133700
0.176976
0.149377
0.111489
0.135264
0.139844
0.101759
0.190857
0.165792
0.107864
0.153673
0.102655
0.162597
0.122095
0.149213
0.112728
0.109746
0.119934
0.118189
0.122426
0.140612
0.102101
0.160375
0.113589
0.091524
0.150272
0.123830
0.106071
0.121658
0.129829
0.184461
0.112286
0.118116
0.111468
0.123849
0.091587
0.130089
0.089318
0.103439
0.102603
0.199251
0.164840
0.101398
0.110284
0.111978
0.116947
0.100511
0.135394
0.177012
0.108132
0.089246
0.110635
0.120732
0.088764
0.132698
0.098705
0.105894
0.105996
0.121637
0.129612
0.089673
0.179765
0.099513
0.110560
0.092006
0.113753
0.123948
0.088466
0.123804
0.143540
0.120250
0.104249
0.134423
0.121445
0.120993
0.100059
0.115463
0.129500
0.128140
0.099318
0.125221
0.078960
0.141447
0.163896
0.120303
0.105970
0.109142
0.111525
0.102347
0.107237
0.107162
0.091902
0.109635
0.086362
