1.278706
1.280203
1.274040
1.270120
1.268596
1.272461
1.266415
1.263330
1.248968
1.254753
1.251229
1.243333
1.233574
1.238268
1.229266
1.222870
1.215107
1.213142
1.211215
1.213266
1.204394
1.198986
1.192360
1.185904
1.186517
1.179662
1.171566
1.169340
1.163963
1.160480
1.154352
1.157884
1.150066
1.146728
1.143701
1.136206
1.134480
1.124672
1.125547
1.125535
1.120707
1.116952
1.113040
1.115735
1.109654
1.106996
1.105966
1.094497
1.101958
1.095814
1.093630
1.091114
1.090929
1.089185
1.084556
1.084096
1.086499
1.074869
1.077760
1.074537
1.074249
1.071527
1.070896
1.062219
1.072377
1.061336
1.066786
1.056997
1.057351
1.068174
1.059801
1.068437
1.060084
1.059096
1.054052
1.054375
1.043465
1.054020
1.046990
1.049240
1.043653
1.042560
1.036580
1.047035
1.042113
1.040970
1.037492
1.038776
1.043501
1.037728
1.040208
1.034465
1.029960
1.032660
1.032898
1.029837
1.036100
1.032115
1.027628
1.036733
1.024275
1.025731
1.027421
1.026286
1.022870
1.026643
1.019103
1.023732
1.028013
1.031866
1.020888
1.016142
1.022531
1.024440
1.016215
1.015374
1.018830
1.016246
1.017094
1.014242
1.016952
1.019981
1.020974
1.017091
1.012042
1.013255
1.009320
0.997099
1.012279
1.008155
1.010123
1.012974
1.019295
1.008056
1.000716
1.000254
1.008055
1.013939
1.002545
1.002899
1.003183
1.003350
1.008051
1.003284
0.999755
1.001692
1.008919
1.005313
0.999748
0.995131
1.011315
0.997089
0.997469
1.000005
1.001790
0.999440
0.995585
0.999298
0.997490
1.004079
0.996927
1.001617
0.993655
1.000588
0.994718
0.998291
0.997748
0.995935
0.992201
0.995260
0.991740
0.995065
0.997444
0.995173
1.000493
0.993258
0.990135
0.988110
0.992772
0.992029
0.999698
0.990055
0.990928
0.988221
0.984044
0.987055
0.996182
0.989679
0.990555
0.990491
0.983944
0.983747
0.991049
0.989224
0.974668
0.996738
0.987155
0.982153
0.993846
0.993071
0.990865
0.984718
0.990715
0.980606
0.991037
0.968938
0.974193
0.981693
0.984796
0.984124
0.981054
0.988344
0.984007
0.984572
0.986368
0.981930
0.980029
0.986408
0.977489
0.979454
0.977808
0.982967
0.994149
0.978247
0.988616
0.973138
0.982833
0.985312
0.979243
0.985786
0.978076
0.970449
0.974704
0.970495
0.977768
0.975561
0.978326
0.971798
0.967587
0.982532
0.978210
0.976387
0.972476
0.987659
0.979904
0.973063
0.966125
0.974377
0.971387
0.963997
0.973290
0.977511
0.967566
0.979247
0.974064
0.967431
0.963387
0.980149
0.975791
0.968288
0.966736
0.971652
0.974025
0.972341
0.971341
0.965835
0.973147
0.962761
0.974789
0.966194
0.971800
0.963780
0.968834
0.972532
0.966991
0.971614
0.964652
0.971854
0.968929
0.959065
0.972313
0.971435
0.969696
0.966826
0.961398
0.963526
0.953751
0.959712
0.962373
0.959501
0.969717
0.967505
0.964850
0.962821
0.967721
0.956790
0.969688
0.949553
0.960164
0.965414
0.961092
0.955134
0.956961
0.955899
0.962479
0.970845
0.960523
0.962445
0.963970
0.954729
0.966588
0.956712
0.958392
0.964352
0.957258
0.966629
0.965618
0.952950
0.941807
0.954224
0.950170
0.952413
0.951255
0.956572
0.953393
0.949671
0.954253
0.969552
0.964180
0.960366
0.953898
0.958420
0.946286
0.957402
0.950514
0.957262
0.943527
0.945122
0.964627
0.953865
0.954971
0.940936
0.954135
0.944999
0.955078
0.952323
0.953179
0.956170
0.959633
0.950621
0.955637
0.952147
0.949876
0.955677
0.936137
0.951397
0.942210
0.941519
0.935390
0.934601
0.935912
0.948232
0.941726
0.946320
0.951680
0.953069
0.949600
0.947987
0.930647
0.935755
0.944513
0.945113
0.934763
0.942192
0.948941
0.925878
0.936396
0.941952
0.938881
0.936042
0.939839
0.933224
0.951084
0.943259
0.936832
0.932224
0.940443
0.930429
0.939884
0.939495
0.945100
0.922193
0.938484
0.930630
0.929378
0.920290
0.919519
0.932334
0.932602
0.924040
