1.687956
1.689996
1.688382
1.677197
1.677692
1.655234
1.634270
1.630979
1.600653
1.583031
1.576523
1.552008
1.535999
1.509723
1.501281
1.487635
1.471227
1.464544
1.434830
1.427021
1.406435
1.397701
1.391542
1.375105
1.354943
1.353130
1.339193
1.334768
1.320493
1.312884
1.300056
1.295516
1.291110
1.276654
1.275367
1.263245
1.255214
1.259451
1.250384
1.236712
1.229921
1.240373
1.218697
1.224793
1.208427
1.202585
1.210629
1.193019
1.196831
1.188441
1.185319
1.178651
1.175244
1.171006
1.171610
1.161341
1.164559
1.138965
1.142686
1.145065
1.130605
1.140744
1.128134
1.123137
1.116722
1.104385
1.133446
1.095552
1.099506
1.086665
1.077522
1.083651
1.081043
1.063492
1.065838
1.063292
1.059044
1.044858
1.041236
1.032981
1.005691
1.005868
1.023693
0.997549
0.963943
0.989399
0.995428
0.988075
0.976427
0.983157
0.966391
0.955582
0.938540
0.913524
0.950563
0.922093
0.925653
0.906190
0.880314
0.935615
0.886854
0.924237
0.913337
0.872919
0.853981
0.829885
0.837912
0.839268
0.798202
0.812668
0.829388
0.836809
0.806061
0.819107
0.812698
0.778754
0.756053
0.761915
0.752756
0.701216
0.747504
0.757404
0.709864
0.645996
0.687099
0.702756
0.677504
0.688313
0.690854
0.646711
0.588530
0.633259
0.662504
0.621983
0.558202
0.623245
0.597411
0.650862
0.631746
0.628504
0.607577
0.530826
0.491336
0.506080
0.461059
0.506939
0.516996
0.510689
0.501125
0.469882
0.522251
0.550095
0.459154
0.472014
0.391041
0.465491
0.435339
0.407358
0.398533
0.469130
0.367870
0.459419
0.376590
0.393532
0.369564
0.341096
0.382049
0.340220
0.391117
0.375762
0.333500
0.295473
0.414916
0.368614
0.315047
0.269369
0.292260
0.327213
0.324252
0.256030
0.279946
0.262833
0.255551
0.293255
0.335355
0.283560
0.271137
0.257386
0.243954
0.303976
0.279614
0.397049
0.242148
0.250776
0.225044
0.254626
0.213035
0.232446
0.221956
0.268645
0.228459
0.204830
0.189410
0.247389
0.251747
0.189952
0.267749
0.248333
0.255090
0.212188
0.224911
0.171191
0.238834
0.195765
0.201205
0.186270
0.184443
0.206041
0.160331
0.161785
0.198089
0.179402
0.158784
0.175609
0.228418
0.199413
0.166607
0.181961
0.155415
0.145632
0.233615
0.192852
0.161011
0.177753
0.180533
0.160529
0.159916
0.201046
0.137584
0.149382
0.184016
0.221229
0.145063
0.153459
0.187351
0.165697
0.141659
0.176044
0.170283
0.131396
0.151302
0.168887
0.144212
0.132277
0.117915
0.264172
0.131433
0.155993
0.157875
0.136967
0.119957
0.177625
0.165667
0.190971
0.139760
0.157525
0.181109
0.150683
0.156037
0.200196
0.141015
0.173597
0.166596
0.141322
0.192473
0.210240
0.156654
0.179591
0.155239
0.156143
0.114234
0.161636
0.134056
0.135970
0.130325
0.148410
0.157641
0.139210
0.146411
0.151105
0.152073
0.128915
0.128660
0.127608
0.143767
0.138887
0.140226
0.161674
0.172903
0.129618
0.131789
0.160932
0.124225
0.110702
0.123014
0.143269
0.102649
0.140816
0.184696
0.131550
0.123771
0.138309
0.135813
0.104163
0.130817
0.116569
0.127037
0.140666
0.201007
0.136566
0.152877
0.138281
0.097981
0.126151
0.135032
0.115340
0.160759
0.126284
0.101850
0.140869
0.124798
0.137721
0.134394
0.131488
0.177789
0.133013
0.131615
0.131932
0.124166
0.145014
0.139372
0.120487
0.109810
0.185723
0.097986
0.100811
0.145292
0.109203
0.109943
0.126077
0.123392
0.095736
0.095731
0.152372
0.115925
0.115747
0.136166
0.096019
0.132484
0.110126
0.115587
0.095849
0.124073
0.110053
0.084260
0.106111
0.133663
0.118779
0.114157
0.102903
0.131144
0.126523
0.093473
0.087508
0.097571
0.132152
0.097459
0.161781
0.115435
0.099576
0.133432
0.118984
0.105160
0.106279
0.090376
0.130036
0.119263
0.085998
0.097742
0.107201
0.117897
0.088616
0.110670
0.113342
0.115055
0.111409
0.135160
0.112704
0.113673
0.188496
