1.831256
1.830276
1.817153
1.821801
1.806045
1.799714
1.764530
1.758628
1.744114
1.716003
1.705028
1.679222
1.661346
1.645028
1.620589
1.604934
1.588263
1.553998
1.543375
1.522334
1.514039
1.484563
1.473361
1.455562
1.439198
1.416999
1.423002
1.393193
1.382045
1.381749
1.359050
1.345158
1.331826
1.320454
1.307276
1.309740
1.293210
1.282246
1.283879
1.270247
1.259720
1.246892
1.245752
1.248473
1.231361
1.221560
1.202331
1.203703
1.190746
1.196932
1.182758
1.168591
1.161940
1.158448
1.139278
1.139844
1.133787
1.136358
1.139241
1.119157
1.114441
1.104792
1.095674
1.101904
1.083928
1.067417
1.058397
1.071632
1.040508
1.046624
1.049306
1.059923
1.007778
1.016298
1.076133
0.996151
1.022436
1.026822
1.011806
1.028485
0.989450
0.995895
0.981577
0.991298
0.931902
0.944146
0.959664
0.947765
0.989027
0.937011
0.937505
0.941739
0.940684
0.877774
0.887636
0.882740
0.903691
0.828302
0.836184
0.852492
0.867714
0.847760
0.870926
0.870640
0.822854
0.802729
0.812456
0.809658
0.806621
0.783348
0.750921
0.757389
0.793124
0.731028
0.750062
0.722379
0.737299
0.699415
0.647795
0.747982
0.728085
0.684899
0.670983
0.688776
0.655138
0.702129
0.681958
0.676129
0.649782
0.644415
0.647485
0.658435
0.569655
0.571619
0.569708
0.545818
0.579988
0.598069
0.477830
0.551862
0.542797
0.491042
0.458654
0.507936
0.461978
0.554355
0.463706
0.435350
0.469390
0.429720
0.448392
0.427631
0.422440
0.386298
0.461302
0.469110
0.473809
0.477700
0.404571
0.340210
0.341487
0.372044
0.381411
0.396880
0.408902
0.320140
0.335771
0.382921
0.337532
0.365342
0.273595
0.301515
0.405849
0.329818
0.336669
0.383583
0.302527
0.332511
0.299640
0.249395
0.273823
0.373794
0.304940
0.286941
0.253886
0.326521
0.298566
0.304647
0.245568
0.258424
0.227780
0.320490
0.291874
0.245133
0.265884
0.253500
0.197802
0.221440
0.272810
0.191920
0.220248
0.336569
0.284631
0.260146
0.207510
0.264009
0.197562
0.190755
0.228825
0.177220
0.250463
0.203149
0.218406
0.319615
0.250896
0.199940
0.175589
0.212454
0.218984
0.161437
0.227570
0.177304
0.168066
0.216548
0.187649
0.199544
0.155733
0.199795
0.224919
0.193213
0.186567
0.199949
0.158502
0.229590
0.285009
0.180431
0.234008
0.169937
0.159559
0.178607
0.173504
0.232524
0.158278
0.199409
0.219916
0.200212
0.172218
0.173101
0.179109
0.173064
0.178249
0.205824
0.138296
0.200555
0.171551
0.199163
0.133764
0.194371
0.144252
0.194397
0.151845
0.170529
0.199715
0.162971
0.145937
0.183639
0.177879
0.208425
0.162727
0.190743
0.169667
0.180371
0.181510
0.195056
0.229223
0.121374
0.172074
0.165605
0.123404
0.145357
0.158594
0.128427
0.152984
0.142515
0.144859
0.136218
0.151528
0.239732
0.168174
0.137375
0.206761
0.148164
0.124281
0.170260
0.153600
0.129474
0.149101
0.134637
0.181229
0.151871
0.171144
0.215618
0.170084
0.149714
0.119054
0.144867
0.105029
0.136776
0.129832
0.248866
0.118964
0.180870
0.154480
0.104648
0.148511
0.139845
0.132247
0.107573
0.134869
0.157366
0.110697
0.115929
0.121117
0.143599
0.197219
0.116915
0.114246
0.163678
0.151587
0.092994
0.162694
0.119796
0.084763
0.142141
0.130875
0.101456
0.148676
0.127641
0.158721
0.174893
0.182952
0.137611
0.128195
0.138925
0.131520
0.219492
0.155205
0.160911
0.109480
0.143852
0.111680
0.167964
0.138650
0.133631
0.162466
0.096467
0.137325
0.120300
0.151596
0.145689
0.115873
0.180957
0.123465
0.121313
0.120366
0.099521
0.194521
0.152928
0.114646
0.148932
0.117536
0.155214
0.161674
0.124052
0.108332
0.109833
0.155077
0.177395
0.128168
0.119225
0.136172
0.105119
0.116322
0.089944
0.112029
0.143662
0.119627
0.109027
0.113947
0.102068
0.135151
0.144485
0.125742
0.133472
0.202570
0.085788
0.125152
0.148243
0.157100
0.084697
