2.240090
2.233405
2.217810
2.204408
2.168288
2.144249
2.124737
2.095838
2.063168
2.028137
1.991996
1.962035
1.917218
1.891003
1.856976
1.824615
1.775227
1.756024
1.724021
1.694169
1.659640
1.634988
1.611207
1.581354
1.566182
1.535893
1.520603
1.500087
1.468504
1.460586
1.447147
1.428577
1.404861
1.392536
1.379104
1.369006
1.359024
1.347635
1.341278
1.331553
1.313690
1.307120
1.299719
1.288275
1.283071
1.274269
1.261742
1.255333
1.260541
1.248589
1.236595
1.231927
1.225216
1.220285
1.217707
1.209116
1.205745
1.198613
1.194612
1.185918
1.184714
1.178349
1.170840
1.171947
1.160570
1.158802
1.151627
1.150944
1.139231
1.132018
1.136759
1.133207
1.128433
1.112436
1.104119
1.117978
1.111386
1.103904
1.077114
1.077398
1.071126
1.062301
1.078521
1.071496
1.055717
1.044857
1.030803
1.037433
1.041255
1.017090
1.030381
0.987714
1.015610
0.980785
0.985162
0.970686
0.978616
0.996290
0.955188
0.978975
0.943048
0.944747
0.947015
0.931278
0.931933
0.937574
0.909410
0.896211
0.891402
0.904711
0.886869
0.847321
0.877574
0.848273
0.875559
0.834187
0.878871
0.831798
0.845699
0.829674
0.776556
0.865797
0.772139
0.768651
0.781876
0.766748
0.779318
0.764451
0.731105
0.729359
0.698808
0.741174
0.693684
0.778513
0.698366
0.672855
0.676815
0.693299
0.682106
0.641711
0.618378
0.642723
0.588916
0.547615
0.597901
0.613412
0.627486
0.541293
0.567109
0.556012
0.540274
0.495099
0.619471
0.503482
0.546965
0.535269
0.527991
0.493699
0.543744
0.476834
0.416902
0.434834
0.412125
0.437691
0.437234
0.416013
0.376811
0.414626
0.340624
0.448112
0.377280
0.358410
0.346257
0.372218
0.350395
0.384200
0.353953
0.371800
0.328787
0.278708
0.349886
0.285033
0.284811
0.279780
0.315005
0.301491
0.294607
0.327438
0.284730
0.266591
0.258736
0.276060
0.272959
0.361942
0.245892
0.308182
0.236867
0.231165
0.230229
0.225425
0.244978
0.240723
0.207752
0.216499
0.215180
0.303316
0.264184
0.180526
0.207485
0.199248
0.228559
0.239612
0.234478
0.224300
0.216991
0.182492
0.170820
0.180796
0.238103
0.196232
0.234352
0.189557
0.209372
0.171634
0.174870
0.182406
0.167402
0.220520
0.236976
0.193080
0.151593
0.171844
0.186892
0.229455
0.210006
0.187720
0.156226
0.194573
0.194673
0.192415
0.180997
0.141662
0.154802
0.189847
0.163194
0.140531
0.159152
0.202526
0.164594
0.179812
0.168903
0.194977
0.250619
0.144648
0.123398
0.122398
0.162808
0.205704
0.172061
0.165103
0.130135
0.160991
0.148229
0.172843
0.137509
0.148944
0.208860
0.164827
0.155257
0.130188
0.136826
0.117694
0.165749
0.143890
0.152660
0.167496
0.125529
0.142162
0.149380
0.186650
0.141858
0.132902
0.147865
0.122906
0.133809
0.135742
0.112076
0.131857
0.134901
0.161343
0.175246
0.170482
0.123378
0.168186
0.155438
0.126727
0.131313
0.139097
0.161168
0.136451
0.121565
0.117814
0.112200
0.147911
0.100076
0.091846
0.171387
0.124572
0.111336
0.133974
0.115048
0.096250
0.152573
0.175947
0.121240
0.148920
0.130865
0.137159
0.140319
0.132102
0.110311
0.100808
0.124866
0.150849
0.098449
0.192676
0.127723
0.099566
0.093588
0.144248
0.111647
0.126024
0.145403
0.096015
0.119714
0.103047
0.137750
0.124758
0.107012
0.098734
0.112469
0.102335
0.121838
0.119583
0.108752
0.123743
0.104378
0.112359
0.118922
0.116347
0.154406
0.121151
0.126437
0.114492
0.095237
0.115877
0.100718
0.134912
0.098790
0.105849
0.107616
0.106569
0.101241
0.097384
0.094801
0.088841
0.118248
0.101793
0.085648
0.111730
0.105717
0.141846
0.131859
0.127717
0.122423
0.176077
0.093784
0.110861
0.081135
0.129773
0.111559
0.101206
0.103637
0.094866
0.114308
0.157729
0.103450
0.137031
0.097477
0.105573
0.112674
0.115034
0.137261
0.074521
0.117458
0.149240
0.094880
0.092440
0.098462
0.145846
