1.771458
1.777960
1.778898
1.768524
1.750714
1.730569
1.721899
1.707285
1.702051
1.670297
1.665800
1.641420
1.627452
1.608781
1.602631
1.572337
1.558196
1.550096
1.525852
1.513882
1.501156
1.483822
1.475877
1.463831
1.443334
1.434736
1.418033
1.402579
1.405892
1.388175
1.385005
1.367945
1.355888
1.349092
1.335245
1.330210
1.325003
1.313165
1.298432
1.295089
1.284864
1.280614
1.267655
1.263650
1.265636
1.260754
1.249119
1.244037
1.244030
1.227328
1.231642
1.216732
1.215531
1.207780
1.209771
1.196097
1.196252
1.187202
1.190569
1.183432
1.176663
1.173188
1.174431
1.164401
1.171689
1.162565
1.154715
1.158840
1.146608
1.137398
1.144396
1.131468
1.132289
1.137106
1.129922
1.121830
1.114686
1.113263
1.111435
1.111022
1.103202
1.105989
1.104076
1.096998
1.098203
1.089710
1.084893
1.084012
1.083699
1.073330
1.065776
1.073087
1.052473
1.077245
1.070858
1.058062
1.066831
1.051844
1.046329
1.039026
1.045421
1.038065
1.037564
1.040998
1.025065
1.015137
1.005072
1.030187
1.027119
1.014977
1.013689
1.005707
1.000078
0.982629
0.987213
0.981655
0.987717
0.990825
0.989705
0.964644
0.963147
0.946735
0.944963
0.955296
0.943775
0.947298
0.953833
0.940346
0.932487
0.936871
0.936557
0.944620
0.924165
0.915612
0.888280
0.922083
0.915497
0.907479
0.886485
0.898201
0.906093
0.884861
0.870836
0.919413
0.854801
0.828499
0.852245
0.864268
0.834806
0.835320
0.824820
0.837328
0.809158
0.781128
0.801261
0.798834
0.793588
0.761359
0.764748
0.769742
0.734319
0.781567
0.745369
0.799526
0.717021
0.723130
0.727931
0.680503
0.711070
0.711575
0.716435
0.605211
0.653834
0.641173
0.636417
0.623025
0.603024
0.616930
0.657578
0.591274
0.556682
0.587301
0.567564
0.546556
0.566748
0.568724
0.534491
0.514352
0.490177
0.454899
0.486615
0.443946
0.443338
0.501364
0.405238
0.419320
0.452203
0.481440
0.442603
0.383104
0.405451
0.375482
0.403035
0.422066
0.410643
0.386070
0.366871
0.353473
0.361875
0.376015
0.351177
0.398493
0.332234
0.371231
0.279631
0.326616
0.320426
0.369119
0.271264
0.304825
0.403111
0.326952
0.298789
0.285380
0.294310
0.300901
0.281139
0.262934
0.357105
0.295075
0.254674
0.281105
0.319053
0.273967
0.265037
0.255727
0.272089
0.242083
0.253089
0.229383
0.232002
0.241586
0.254497
0.253376
0.215101
0.296431
0.220534
0.221788
0.220184
0.254770
0.222146
0.247497
0.231599
0.204144
0.233324
0.225232
0.180178
0.208702
0.225222
0.211418
0.180374
0.185472
0.252083
0.238406
0.236910
0.182671
0.186080
0.216051
0.188266
0.241026
0.207514
0.198834
0.170121
0.280551
0.225531
0.197533
0.207169
0.198324
0.203055
0.213862
0.195956
0.192000
0.239856
0.166089
0.191436
0.183658
0.212275
0.234681
0.199139
0.165852
0.179167
0.280457
0.172501
0.228008
0.191275
0.181486
0.188611
0.183102
0.146188
0.182966
0.172482
0.207903
0.157108
0.193932
0.173911
0.220355
0.150945
0.210304
0.201618
0.152383
0.216317
0.170450
0.225332
0.184588
0.162859
0.144548
0.153035
0.158218
0.172956
0.171443
0.205352
0.150825
0.170104
0.171709
0.153900
0.185445
0.145151
0.148465
0.178269
0.157589
0.157131
0.144403
0.150288
0.154995
0.171452
0.186585
0.146999
0.187829
0.149640
0.161451
0.151105
0.140560
0.180047
0.144503
0.137369
0.139269
0.156316
0.151309
0.195472
0.138147
0.147366
0.135407
0.135775
0.158177
0.159586
0.161471
0.133756
0.166285
0.160808
0.117769
0.140760
0.161970
0.150383
0.173142
0.150551
0.125402
0.159658
0.128419
0.173059
0.156515
0.179721
0.149666
0.171487
0.167245
0.198031
0.179287
0.142797
0.161131
0.142418
0.130924
0.175963
0.127953
0.128613
0.150696
0.142783
0.138584
0.146074
0.130688
0.127819
0.120709
0.140951
0.153368
0.195992
0.139510
0.132736
0.132161
0.108586
0.159948
0.131658
0.113758
