1.827086
1.844469
1.822979
1.823842
1.813555
1.797649
1.781648
1.762614
1.738466
1.717793
1.710832
1.681770
1.662620
1.637115
1.619150
1.597763
1.584019
1.564697
1.552027
1.531927
1.509111
1.495053
1.475704
1.465041
1.450370
1.429907
1.423654
1.402927
1.391065
1.380022
1.372203
1.362261
1.351053
1.332164
1.332892
1.323236
1.313219
1.300103
1.285571
1.287123
1.277584
1.277202
1.259223
1.263870
1.244403
1.241600
1.235706
1.224135
1.223763
1.214945
1.211221
1.210158
1.203485
1.192652
1.187882
1.179310
1.175119
1.169664
1.174438
1.166818
1.168385
1.162999
1.149331
1.149266
1.149085
1.141035
1.124978
1.128894
1.114030
1.121795
1.123748
1.124576
1.094822
1.091856
1.102124
1.093293
1.095721
1.072839
1.053295
1.059065
1.054454
1.044935
1.052575
1.054778
1.030136
1.021780
1.040225
0.988375
1.039597
0.997697
0.988312
1.001943
1.013005
0.983450
0.969402
0.995159
0.961261
0.964332
0.948872
0.946529
0.939638
0.931229
0.931276
0.915930
0.928341
0.950842
0.894372
0.886359
0.903586
0.873702
0.901363
0.876507
0.861638
0.800283
0.867876
0.836337
0.824106
0.852816
0.818658
0.809645
0.777903
0.760646
0.770800
0.801750
0.726394
0.725663
0.801081
0.711432
0.750077
0.728093
0.728443
0.737971
0.654638
0.716494
0.669576
0.669259
0.654270
0.607628
0.688627
0.633377
0.622035
0.612882
0.590875
0.610844
0.563281
0.543446
0.519787
0.588044
0.567968
0.538645
0.547292
0.489241
0.492630
0.485734
0.461210
0.504016
0.457398
0.477342
0.415460
0.450623
0.378535
0.431746
0.390699
0.381621
0.420433
0.454346
0.374767
0.345171
0.394692
0.383823
0.347675
0.358004
0.309083
0.322191
0.323342
0.318080
0.356744
0.306956
0.398061
0.279030
0.283368
0.277908
0.272323
0.290468
0.263447
0.295279
0.268957
0.282114
0.319159
0.270832
0.257714
0.266580
0.205226
0.242724
0.220609
0.237663
0.292352
0.204094
0.214457
0.259199
0.258223
0.214388
0.223182
0.245349
0.207205
0.201508
0.199693
0.315042
0.241039
0.181025
0.168766
0.214765
0.157994
0.216059
0.195116
0.175628
0.190580
0.169698
0.233956
0.234723
0.217223
0.220525
0.215719
0.245614
0.148577
0.157709
0.214102
0.151187
0.189713
0.151856
0.140327
0.151478
0.157682
0.158481
0.184892
0.143113
0.159485
0.210675
0.134027
0.191425
0.169450
0.159793
0.156838
0.156248
0.155482
0.129608
0.159586
0.144278
0.142113
0.173616
0.158952
0.130379
0.112731
0.186868
0.142747
0.141272
0.137572
0.131286
0.161514
0.203311
0.133807
0.141805
0.191719
0.134838
0.181717
0.122191
0.125893
0.137233
0.168796
0.159794
0.162811
0.164652
0.141498
0.137029
0.121014
0.138693
0.114217
0.150975
0.104151
0.155987
0.126839
0.179665
0.177611
0.141435
0.126365
0.129984
0.128835
0.095457
0.130335
0.143664
0.148397
0.169753
0.122523
0.117539
0.115252
0.150627
0.133953
0.139876
0.129905
0.170615
0.110153
0.126358
0.110901
0.098551
0.112008
0.121994
0.145472
0.107325
0.154717
0.134627
0.151113
0.123460
0.123444
0.115322
0.196875
0.166119
0.134206
0.114351
0.156621
0.122958
0.095183
0.149808
0.121528
0.112881
0.110596
0.098367
0.108878
0.107842
0.176997
0.103784
0.137272
0.106308
0.111669
0.128151
0.098259
0.131599
0.104188
0.119365
0.089037
0.119239
0.091127
0.164009
0.104898
0.135082
0.139892
0.097530
0.142750
0.105793
0.098500
0.118591
0.109751
0.103570
0.121475
0.108592
0.128927
0.080390
0.132134
0.101655
0.096269
0.115278
0.109726
0.098554
0.094184
0.131093
0.095345
0.094158
0.107884
0.133763
0.110408
0.117650
0.097503
0.083588
0.109776
0.123199
0.092541
0.078927
0.117230
0.097512
0.144397
0.090280
0.109616
0.102493
0.092552
0.102750
0.135081
0.081266
0.107925
0.115605
0.121358
0.106154
0.105762
0.089092
0.090440
0.088344
0.104892
0.083440
0.164798
0.082871
0.090445
0.094284
