2.204815
2.201926
2.176164
2.169425
2.149033
2.116164
2.079054
2.061552
2.017992
1.984141
1.944465
1.904841
1.868453
1.834676
1.788991
1.768008
1.728616
1.691391
1.655146
1.628700
1.596778
1.547318
1.539105
1.509825
1.498484
1.464167
1.440158
1.425438
1.388651
1.387467
1.361503
1.337968
1.345924
1.317621
1.299366
1.291242
1.270458
1.281303
1.247974
1.243614
1.241135
1.194911
1.189374
1.208274
1.194939
1.162452
1.144763
1.169371
1.142396
1.149882
1.136896
1.111039
1.112007
1.106023
1.116118
1.101508
1.102638
1.072069
1.061388
1.036679
1.046087
1.040503
1.026894
1.001658
0.994209
1.010809
0.999966
0.971568
0.978500
0.989305
0.953491
0.920833
0.921636
0.933076
0.906295
0.944737
0.963180
0.878443
0.905551
0.869551
0.903255
0.855713
0.870996
0.862375
0.859609
0.880381
0.823687
0.790870
0.790970
0.814574
0.824176
0.794488
0.774146
0.732859
0.717473
0.682026
0.720826
0.678617
0.681432
0.746531
0.717134
0.678884
0.658062
0.703228
0.686147
0.623693
0.604699
0.601186
0.607526
0.576728
0.565556
0.537790
0.628030
0.571129
0.546645
0.544899
0.571089
0.509721
0.609472
0.513976
0.478107
0.438628
0.473094
0.466340
0.438154
0.518966
0.489902
0.417665
0.398164
0.404520
0.368721
0.409578
0.378035
0.361776
0.352360
0.395693
0.334778
0.407080
0.372101
0.325606
0.302395
0.341063
0.346636
0.272318
0.333421
0.349525
0.254387
0.296915
0.298687
0.259271
0.353244
0.286832
0.235671
0.282725
0.232453
0.225157
0.368925
0.249009
0.237809
0.305986
0.263095
0.228996
0.216723
0.201609
0.187985
0.222132
0.185708
0.213821
0.268157
0.213599
0.206814
0.189063
0.219474
0.205433
0.330542
0.200276
0.195266
0.182041
0.181725
0.233480
0.168272
0.180679
0.204029
0.186143
0.189292
0.213704
0.179452
0.179105
0.254998
0.162991
0.156822
0.224875
0.154868
0.198610
0.203469
0.183264
0.208777
0.177604
0.163487
0.145253
0.227820
0.154621
0.160171
0.156208
0.135285
0.156797
0.144578
0.142155
0.132924
0.137635
0.158483
0.143953
0.155464
0.151648
0.135311
0.136411
0.145851
0.139677
0.181580
0.133699
0.195723
0.135827
0.143565
0.126973
0.138572
0.126150
0.165560
0.149898
0.145527
0.176082
0.151466
0.126613
0.125959
0.137942
0.117160
0.123716
0.138058
0.157715
0.113927
0.130388
0.127706
0.161458
0.131565
0.116617
0.139075
0.130698
0.176244
0.123590
0.171604
0.134674
0.145611
0.112302
0.135464
0.122772
0.130463
0.132031
0.108109
0.124477
0.140906
0.133631
0.114734
0.118658
0.126780
0.106037
0.226526
0.140107
0.124476
0.136502
0.120105
0.116145
0.106881
0.091797
0.114559
0.137592
0.156189
0.131977
0.090567
0.105521
0.142912
0.116496
0.111164
0.109010
0.103068
0.104128
0.094086
0.107987
0.119330
0.107500
0.097173
0.085664
0.144233
0.125358
0.100196
0.105730
0.193819
0.181181
0.120453
0.118059
0.141593
0.103078
0.136800
0.094753
0.093775
0.109541
0.088127
0.135020
0.095942
0.104418
0.115387
0.119647
0.086867
0.099078
0.096115
0.102528
0.101400
0.164390
0.114720
0.126140
0.095775
0.105569
0.089380
0.109859
0.139578
0.114252
0.123281
0.095533
0.112382
0.110084
0.115449
0.105338
0.091139
0.095324
0.099644
0.103976
0.107247
0.104256
0.090752
0.122579
0.113281
0.113059
0.102519
0.117206
0.109030
0.095028
0.088840
0.093889
0.116547
0.116981
0.087953
0.117021
0.100024
0.100150
0.130680
0.120851
0.109548
0.086489
0.082255
0.104013
0.118935
0.123362
0.103635
0.088450
0.100743
0.100671
0.131027
0.097167
0.081604
0.135456
0.104677
0.088177
0.090088
0.093627
0.079485
0.082389
0.082137
0.096033
0.090545
0.164909
0.075296
0.093499
0.088545
0.118017
0.077412
0.104758
0.090379
0.083616
0.076578
0.084702
0.087263
0.078196
0.090529
0.109715
0.090136
0.106144
0.093737
0.069046
0.128344
0.094666
0.102482
0.089737
