2.275573
2.253687
2.254041
2.234077
2.218276
2.170932
2.154680
2.113811
2.086191
2.042675
1.995466
1.972183
1.931810
1.900388
1.856004
1.835476
1.788403
1.755198
1.724061
1.704043
1.671971
1.642284
1.617922
1.590602
1.567371
1.540799
1.524895
1.509546
1.486975
1.479618
1.458773
1.449564
1.429290
1.414844
1.395165
1.381820
1.371447
1.361876
1.352831
1.331497
1.324554
1.319744
1.310642
1.298158
1.291231
1.278886
1.271430
1.256929
1.255249
1.253239
1.236132
1.234749
1.219009
1.216663
1.210507
1.188442
1.186866
1.193440
1.180813
1.178151
1.177473
1.170674
1.154582
1.156106
1.143410
1.146360
1.146584
1.123000
1.124868
1.109985
1.109876
1.106845
1.086091
1.092358
1.098471
1.066746
1.078943
1.098168
1.085238
1.074757
1.064924
1.062490
1.031948
1.041720
1.049269
1.010852
1.063706
1.025135
1.005082
0.999641
0.998844
0.979590
1.027586
0.975999
0.976408
0.979943
0.966666
0.981980
0.916462
0.939794
0.937468
0.955986
0.933155
0.930705
0.885324
0.929515
0.885101
0.927687
0.935864
0.852317
0.893213
0.865505
0.867246
0.860807
0.849080
0.858853
0.816783
0.840591
0.837148
0.835636
0.852028
0.812240
0.807379
0.766363
0.766227
0.762113
0.740384
0.742439
0.717195
0.766818
0.763310
0.680954
0.706300
0.756390
0.697153
0.686427
0.694130
0.626124
0.607538
0.681613
0.598439
0.647822
0.635844
0.652230
0.678337
0.615501
0.572084
0.656159
0.612945
0.541333
0.528352
0.523078
0.500302
0.548754
0.500608
0.527317
0.551788
0.505475
0.454461
0.477128
0.432316
0.472941
0.432335
0.426246
0.425233
0.449671
0.498180
0.412782
0.367458
0.374010
0.427968
0.390736
0.377742
0.360011
0.389396
0.320075
0.382103
0.343866
0.305490
0.305091
0.343668
0.332339
0.301090
0.282777
0.283912
0.265036
0.264880
0.350975
0.296991
0.300942
0.277539
0.274916
0.319004
0.308806
0.287246
0.268741
0.263200
0.233404
0.259093
0.237679
0.232407
0.255600
0.232118
0.207294
0.218996
0.211244
0.240807
0.223967
0.215377
0.236870
0.228116
0.259474
0.216057
0.194414
0.184628
0.224462
0.188851
0.217819
0.253138
0.217590
0.170594
0.222840
0.218868
0.179826
0.190365
0.197464
0.142668
0.177017
0.205323
0.212729
0.195341
0.156240
0.170875
0.150309
0.193128
0.193663
0.171331
0.210391
0.170203
0.181426
0.142520
0.157491
0.155852
0.153914
0.198831
0.162018
0.147564
0.175994
0.165463
0.172105
0.168093
0.134114
0.150115
0.239003
0.140088
0.122373
0.168924
0.204367
0.215413
0.159707
0.144995
0.128277
0.129331
0.226737
0.162192
0.135743
0.116117
0.129505
0.144897
0.142980
0.129564
0.134100
0.139003
0.167901
0.134186
0.146060
0.130787
0.148548
0.120759
0.153462
0.102977
0.139546
0.170148
0.112410
0.131169
0.134506
0.126903
0.125380
0.115425
0.157386
0.161970
0.153825
0.210165
0.167688
0.139575
0.144171
0.134370
0.114193
0.107854
0.119131
0.110869
0.142978
0.117760
0.149078
0.197618
0.108517
0.105919
0.166549
0.113744
0.105467
0.104903
0.121789
0.126563
0.090002
0.138916
0.126046
0.108469
0.116599
0.116007
0.112445
0.108031
0.108726
0.190761
0.175096
0.122884
0.129711
0.112737
0.099562
0.143571
0.115409
0.102265
0.124908
0.099872
0.107354
0.116017
0.112421
0.115960
0.118817
0.116578
0.105966
0.104739
0.139720
0.133084
0.119465
0.099072
0.115049
0.108450
0.096569
0.096370
0.104035
0.106744
0.101064
0.103109
0.100065
0.084716
0.147464
0.125693
0.081508
0.116305
0.110133
0.090235
0.085036
0.154957
0.217078
0.104410
0.093270
0.103885
0.102116
0.132620
0.110589
0.091991
0.107091
0.119585
0.103607
0.112303
0.092100
0.101532
0.104494
0.089210
0.112245
0.106838
0.113481
0.138944
0.103725
0.103162
0.097292
0.103201
0.081805
0.088346
0.182122
0.091284
0.091214
0.078431
0.092749
0.089241
0.112690
0.097838
0.099591
0.079180
0.095230
