1.886725
1.878558
1.870572
1.862862
1.859294
1.829219
1.820142
1.797464
1.784094
1.749446
1.730016
1.724225
1.696513
1.667164
1.652270
1.623622
1.612120
1.585769
1.568202
1.554145
1.531428
1.515278
1.502070
1.490031
1.466577
1.462707
1.447649
1.432220
1.423940
1.410629
1.398931
1.387688
1.379358
1.368814
1.355642
1.342344
1.348200
1.336596
1.319188
1.308696
1.301853
1.294915
1.284199
1.281994
1.275055
1.271848
1.260570
1.259762
1.260246
1.249008
1.241056
1.228367
1.231169
1.236137
1.220622
1.215431
1.206928
1.208945
1.203783
1.194610
1.193709
1.185046
1.191337
1.168886
1.170686
1.172816
1.160047
1.161590
1.161241
1.149476
1.143543
1.135510
1.137105
1.132402
1.134117
1.126489
1.110609
1.124321
1.127934
1.103116
1.125652
1.097196
1.089243
1.078009
1.093837
1.073806
1.091887
1.074364
1.070103
1.052804
1.043819
1.061622
1.047953
1.054217
1.035925
1.018278
1.012399
1.025458
1.031772
1.024477
1.035552
1.014162
0.981552
0.972778
0.980663
0.973169
0.985226
0.930885
0.972880
0.953507
0.969974
0.972964
0.922427
0.927714
0.912448
0.901664
0.893567
0.892612
0.891412
0.866301
0.868813
0.877524
0.855653
0.865926
0.810475
0.828846
0.825896
0.866734
0.887754
0.808540
0.798904
0.827966
0.770668
0.797642
0.773019
0.775814
0.740368
0.719679
0.736402
0.804307
0.757164
0.780146
0.708689
0.655895
0.679942
0.713814
0.667056
0.668326
0.591017
0.724220
0.571504
0.568903
0.610302
0.607906
0.613028
0.625704
0.612297
0.572020
0.569349
0.579115
0.570682
0.493299
0.522196
0.573712
0.470190
0.524269
0.484482
0.476094
0.448645
0.534635
0.457950
0.500829
0.419676
0.475949
0.428985
0.400601
0.405256
0.459186
0.411725
0.358034
0.425979
0.424687
0.351637
0.355119
0.375858
0.333546
0.306108
0.310261
0.390211
0.353018
0.351473
0.327060
0.294261
0.331836
0.342681
0.331565
0.306120
0.316560
0.282149
0.256364
0.315612
0.299933
0.283363
0.316961
0.299107
0.250267
0.260931
0.256336
0.255449
0.237035
0.268184
0.219421
0.293929
0.306541
0.257815
0.259260
0.269844
0.291252
0.235191
0.222225
0.227816
0.265844
0.219318
0.210027
0.206469
0.266602
0.296667
0.269558
0.202596
0.214828
0.215478
0.231476
0.214684
0.193854
0.197217
0.279472
0.192838
0.214722
0.241910
0.179268
0.168336
0.165120
0.179084
0.201486
0.205221
0.163207
0.193790
0.192934
0.184673
0.244106
0.209121
0.184513
0.193853
0.196074
0.186166
0.212644
0.210478
0.249557
0.249573
0.177127
0.167012
0.169654
0.228478
0.161806
0.203082
0.191534
0.186178
0.173445
0.152973
0.150024
0.155821
0.163801
0.163455
0.176547
0.217348
0.165174
0.168459
0.205591
0.206173
0.191098
0.140869
0.162912
0.176091
0.191190
0.168923
0.150536
0.140225
0.148189
0.152173
0.190115
0.161660
0.221561
0.183754
0.130684
0.145159
0.158718
0.158551
0.207875
0.174041
0.150865
0.138251
0.155176
0.189214
0.144588
0.187096
0.201796
0.179041
0.199663
0.129475
0.122340
0.113294
0.152979
0.178927
0.148952
0.171218
0.142140
0.133783
0.126910
0.152373
0.155754
0.131172
0.171447
0.146588
0.129402
0.113206
0.127467
0.171764
0.164237
0.127309
0.108773
0.138550
0.139332
0.130056
0.133288
0.137089
0.136455
0.133147
0.189155
0.143415
0.127096
0.157719
0.129432
0.160776
0.139050
0.164021
0.165842
0.110781
0.112138
0.128362
0.208609
0.133796
0.136576
0.141295
0.132059
0.126488
0.118351
0.167161
0.187482
0.159246
0.134806
0.150618
0.118576
0.114405
0.118615
0.143784
0.124842
0.137505
0.117126
0.129647
0.141628
0.156755
0.110064
0.121471
0.098017
0.211370
0.153190
0.128036
0.115001
0.100588
0.115459
0.096073
0.130116
0.127975
0.105381
0.149568
0.112308
0.111909
0.119641
0.116024
0.127525
0.112401
0.117686
0.119628
0.105512
0.127076
0.139520
0.148641
0.138207
0.126352
0.120954
