2.326015
2.316655
2.311291
2.278636
2.266410
2.234542
2.215720
2.178494
2.141741
2.101775
2.075815
2.029121
1.999416
1.951519
1.917283
1.880092
1.847468
1.810475
1.782412
1.739871
1.716795
1.680795
1.657213
1.633414
1.617676
1.592219
1.557973
1.548024
1.526300
1.503979
1.494261
1.473420
1.458278
1.441689
1.431851
1.414770
1.411658
1.387031
1.373200
1.359231
1.355350
1.341028
1.331326
1.317508
1.317255
1.300209
1.295488
1.287246
1.275743
1.270701
1.258429
1.257945
1.244093
1.225317
1.227334
1.216606
1.210665
1.209343
1.204149
1.191442
1.198901
1.181475
1.171333
1.160872
1.155560
1.147373
1.140284
1.134936
1.128176
1.117972
1.129680
1.088020
1.121655
1.088883
1.088984
1.089025
1.083432
1.070360
1.055253
1.063352
1.028520
1.050686
1.003166
1.019317
0.991517
1.036789
1.006541
1.001583
0.980475
0.980017
0.936495
0.974447
0.946162
0.955884
0.964684
0.939493
0.921816
0.915288
0.973757
0.946242
0.941627
0.922592
0.896959
0.873563
0.889644
0.862543
0.848110
0.863538
0.841042
0.801624
0.814226
0.838374
0.826843
0.828580
0.821294
0.801660
0.753577
0.754784
0.720240
0.727814
0.766809
0.757073
0.798898
0.758075
0.652181
0.716583
0.676233
0.671786
0.650306
0.673497
0.657490
0.625692
0.632571
0.663656
0.625639
0.584285
0.574408
0.575576
0.553238
0.574421
0.563802
0.582286
0.548707
0.494343
0.473186
0.548862
0.518036
0.509897
0.507299
0.515320
0.496306
0.511261
0.406649
0.365988
0.449323
0.418271
0.438524
0.382470
0.379597
0.461596
0.353527
0.375109
0.318076
0.336820
0.368744
0.386400
0.322537
0.332178
0.331119
0.294472
0.342162
0.299667
0.283655
0.323591
0.295094
0.273616
0.320450
0.260372
0.331285
0.245362
0.295661
0.271116
0.244847
0.272352
0.233806
0.257401
0.233541
0.223545
0.202289
0.240817
0.206937
0.206238
0.260974
0.232926
0.209895
0.199708
0.183620
0.210312
0.195235
0.197378
0.209584
0.206512
0.169734
0.223276
0.245636
0.200413
0.216716
0.199498
0.188267
0.158711
0.165269
0.207486
0.163771
0.191085
0.173801
0.165067
0.173598
0.170062
0.172785
0.177939
0.167484
0.143926
0.197738
0.167875
0.133043
0.166614
0.168104
0.152576
0.166467
0.159681
0.148816
0.155391
0.170869
0.172130
0.123740
0.146817
0.143416
0.162188
0.137353
0.199272
0.173176
0.146245
0.157408
0.133900
0.128952
0.134903
0.132737
0.169494
0.171566
0.138816
0.171956
0.159398
0.137482
0.137686
0.145483
0.142715
0.150512
0.145176
0.133454
0.116500
0.154543
0.159383
0.149781
0.112928
0.133496
0.123844
0.122875
0.113981
0.131966
0.122343
0.114613
0.181895
0.176322
0.163366
0.158051
0.110155
0.111902
0.110280
0.130156
0.117995
0.113446
0.161932
0.240528
0.135820
0.135858
0.124424
0.124070
0.140552
0.119650
0.109578
0.143229
0.175387
0.131277
0.113140
0.143680
0.118221
0.114091
0.129732
0.104525
0.142323
0.118741
0.097611
0.126945
0.104681
0.134834
0.139569
0.114473
0.121666
0.111045
0.094187
0.128876
0.121059
0.134480
0.124875
0.172669
0.104544
0.099163
0.118260
0.091329
0.104033
0.118991
0.097505
0.135207
0.086812
0.132169
0.118944
0.117659
0.126129
0.100479
0.111320
0.104083
0.096723
0.099925
0.103541
0.117609
0.094030
0.095463
0.089210
0.101874
0.096306
0.106136
0.119773
0.101577
0.110213
0.122199
0.100478
0.127152
0.083664
0.106243
0.099809
0.094026
0.097648
0.110289
0.108390
0.121544
0.102778
0.086736
0.101090
0.106284
0.076087
0.095958
0.091984
0.097319
0.095352
0.089949
0.105508
0.111643
0.097999
0.125869
0.165498
0.106816
0.083158
0.090395
0.096301
0.083932
0.102198
0.079049
0.086506
0.097756
0.130128
0.093303
0.082008
0.098173
0.096727
0.095531
0.078267
0.098813
0.075385
0.079722
0.087322
0.087369
0.129428
0.092110
0.086930
0.094453
0.095361
0.091623
0.092868
0.091753
0.116394
