2.363778
2.349763
2.328559
2.302357
2.279759
2.264720
2.219909
2.195836
2.154049
2.107255
2.080360
2.035512
1.999373
1.958319
1.911649
1.867817
1.837084
1.798233
1.768139
1.733374
1.694606
1.665785
1.637795
1.610786
1.583126
1.554734
1.540592
1.513928
1.495448
1.471393
1.447358
1.447128
1.415756
1.404540
1.391501
1.379976
1.358262
1.351319
1.330503
1.327152
1.314943
1.304895
1.296705
1.278506
1.275174
1.272555
1.260345
1.255657
1.246919
1.241479
1.233120
1.224099
1.220803
1.217308
1.199820
1.198342
1.201993
1.196091
1.185250
1.185783
1.181930
1.180290
1.165414
1.163486
1.160550
1.160423
1.161398
1.147815
1.146034
1.141468
1.137976
1.134649
1.135476
1.123588
1.133149
1.116756
1.120992
1.107995
1.110501
1.118019
1.097960
1.104389
1.089986
1.092566
1.075619
1.079927
1.078653
1.099661
1.080027
1.079754
1.073131
1.070499
1.066934
1.053672
1.059337
1.047829
1.049160
1.045992
1.038971
1.047733
1.027227
1.040794
1.021249
1.026871
1.011624
1.024838
1.001080
1.016725
1.013622
1.007791
0.984135
1.013554
0.992530
0.985967
0.977200
1.020663
0.977446
0.959267
0.931033
0.966572
0.930480
0.959361
0.970136
0.934178
0.904777
0.906950
0.926024
0.886442
0.901408
0.897456
0.928210
0.887871
0.885871
0.895941
0.905500
0.879867
0.870916
0.861934
0.845523
0.866039
0.829280
0.775593
0.852668
0.835249
0.776585
0.836691
0.778448
0.827568
0.814704
0.781377
0.757460
0.754603
0.765156
0.753681
0.732925
0.751974
0.782250
0.703108
0.703033
0.677755
0.641806
0.672114
0.650238
0.672391
0.642186
0.621129
0.636514
0.650014
0.590928
0.596549
0.610751
0.628890
0.584289
0.555672
0.591698
0.565064
0.678762
0.536504
0.552654
0.555411
0.545119
0.551450
0.488236
0.476903
0.481169
0.546973
0.427996
0.417562
0.436543
0.433526
0.413154
0.439575
0.480711
0.504838
0.437109
0.504771
0.425490
0.454363
0.380440
0.365098
0.427639
0.351197
0.468203
0.371209
0.358281
0.353534
0.305637
0.367240
0.328542
0.357476
0.426042
0.293028
0.313688
0.311591
0.323391
0.341306
0.334148
0.349159
0.305273
0.289497
0.267542
0.240628
0.267613
0.306620
0.305506
0.302238
0.253808
0.305952
0.240988
0.406915
0.218905
0.269115
0.254607
0.275621
0.266781
0.302612
0.293445
0.258739
0.293760
0.227266
0.343900
0.212674
0.247200
0.245758
0.266590
0.214772
0.239957
0.225673
0.259529
0.175293
0.238752
0.348150
0.288659
0.238578
0.198299
0.224056
0.224466
0.236872
0.281882
0.269452
0.200799
0.227532
0.224167
0.255617
0.230466
0.192721
0.206103
0.268042
0.284548
0.245813
0.187157
0.216085
0.175358
0.222055
0.221499
0.172555
0.203853
0.232012
0.151317
0.228021
0.179285
0.216689
0.162198
0.196910
0.163633
0.168029
0.214547
0.276982
0.195835
0.161454
0.187981
0.191817
0.139522
0.175111
0.236963
0.178839
0.179989
0.151001
0.160774
0.198747
0.184710
0.155889
0.209334
0.157902
0.159283
0.157914
0.170907
0.194138
0.169684
0.181038
0.183990
0.141533
0.158813
0.262274
0.212245
0.173747
0.143115
0.145093
0.172844
0.186464
0.209468
0.151859
0.175853
0.161623
0.163990
0.171264
0.154564
0.161412
0.137501
0.126299
0.185960
0.173817
0.170321
0.118871
0.156483
0.140372
0.119134
0.342511
0.139582
0.159666
0.236430
0.137293
0.173092
0.155216
0.155068
0.130864
0.213231
0.105765
0.135325
0.099942
0.134780
0.147083
0.177635
0.159453
0.151360
0.135043
0.110824
0.206177
0.163540
0.142258
0.247286
0.154890
0.165945
0.141129
0.124610
0.148700
0.120130
0.140301
0.171605
0.104070
0.171122
0.165268
0.122956
0.147949
0.133583
0.149844
0.145058
0.214041
0.105258
0.148375
0.124919
0.151296
0.180976
0.127888
0.143837
0.177928
0.137344
0.148485
0.095507
0.136796
0.116420
0.114871
0.129567
0.132107
0.126033
0.128773
0.129486
0.217090
0.158899
0.116894
