2.268980
2.267234
2.252705
2.237230
2.218844
2.195437
2.158024
2.125361
2.102736
2.059919
2.021621
1.986148
1.950463
1.913743
1.873244
1.839723
1.803435
1.773374
1.740468
1.708693
1.681240
1.645265
1.626062
1.597033
1.571681
1.549182
1.522658
1.510291
1.485682
1.465201
1.449423
1.430429
1.410524
1.396525
1.387166
1.378414
1.361550
1.348936
1.334488
1.326658
1.316056
1.300577
1.289839
1.284775
1.275375
1.262769
1.252483
1.251483
1.239265
1.235601
1.226243
1.225905
1.217024
1.204988
1.207575
1.199871
1.197955
1.185866
1.180636
1.174648
1.176700
1.156542
1.158853
1.152538
1.152950
1.141263
1.136463
1.137540
1.121647
1.124780
1.109868
1.110070
1.110853
1.093204
1.076385
1.088470
1.089036
1.054718
1.057463
1.037046
1.057979
1.055137
1.039940
1.048109
1.005028
1.035948
1.011576
0.993540
1.003287
0.992989
0.971934
0.976244
0.964430
0.984645
0.948904
0.938079
0.909770
0.931771
0.927169
0.913081
0.909263
0.948165
0.912901
0.888914
0.890170
0.852405
0.880359
0.857101
0.840290
0.863682
0.837014
0.830303
0.831452
0.838978
0.809974
0.780681
0.738866
0.782133
0.770440
0.737251
0.765686
0.770968
0.708785
0.738398
0.693741
0.698461
0.673044
0.683200
0.674457
0.620714
0.655864
0.642499
0.626591
0.599673
0.626186
0.600588
0.588479
0.590413
0.591982
0.586495
0.547392
0.595484
0.554278
0.483756
0.520518
0.519339
0.496297
0.487856
0.435201
0.505419
0.457857
0.427194
0.440206
0.440761
0.446688
0.462308
0.421028
0.360635
0.392602
0.413739
0.407601
0.416366
0.380571
0.361054
0.355231
0.344896
0.351232
0.280771
0.360493
0.334520
0.291801
0.346524
0.309964
0.334400
0.301457
0.276270
0.347084
0.272033
0.254556
0.258752
0.255123
0.327442
0.250724
0.255532
0.260747
0.318130
0.251710
0.291907
0.272911
0.233116
0.235688
0.229681
0.220152
0.249604
0.280785
0.238594
0.200960
0.202708
0.196033
0.202601
0.216900
0.213126
0.235108
0.197569
0.221114
0.187186
0.194145
0.226969
0.186047
0.191212
0.175395
0.202248
0.200020
0.183055
0.229561
0.211573
0.217153
0.239832
0.204381
0.228077
0.160398
0.179848
0.168671
0.172448
0.185544
0.171767
0.172114
0.175677
0.159373
0.238948
0.164802
0.144242
0.222648
0.186990
0.149794
0.219263
0.156951
0.180649
0.178859
0.184674
0.135334
0.166969
0.167858
0.159118
0.170938
0.135799
0.152303
0.146184
0.136250
0.168097
0.167407
0.184149
0.148571
0.148482
0.184577
0.147602
0.140649
0.137104
0.151737
0.145565
0.129336
0.152811
0.133056
0.182242
0.165769
0.126428
0.122812
0.143967
0.122028
0.130188
0.157107
0.129201
0.146639
0.148191
0.142052
0.160321
0.150336
0.186607
0.118121
0.132986
0.145377
0.183118
0.117258
0.178338
0.122207
0.125044
0.167829
0.113338
0.113234
0.141654
0.160689
0.130123
0.126957
0.102894
0.097539
0.125558
0.126438
0.127505
0.109766
0.106008
0.099790
0.138695
0.112178
0.127614
0.100794
0.111890
0.124354
0.097718
0.139937
0.165769
0.110231
0.112764
0.115885
0.091612
0.111871
0.118661
0.113480
0.104372
0.115446
0.113163
0.097266
0.095800
0.096019
0.123054
0.092534
0.143216
0.130548
0.130113
0.107432
0.130813
0.099820
0.123241
0.094107
0.142849
0.121536
0.115125
0.093075
0.126095
0.129683
0.097339
0.101508
0.083019
0.121785
0.099368
0.072147
0.101160
0.137352
0.122098
0.113767
0.098568
0.087441
0.110004
0.094747
0.138536
0.099073
0.095960
0.143179
0.084815
0.097790
0.099911
0.081303
0.120509
0.088965
0.090245
0.102781
0.106416
0.091605
0.091276
0.116034
0.097061
0.117128
0.091092
0.093686
0.081840
0.093877
0.112669
0.087016
0.090584
0.087353
0.128108
0.093974
0.091337
0.096492
0.086341
0.088933
0.087839
0.096447
0.100227
0.082157
0.097466
0.093620
0.079858
0.104209
0.075874
0.093708
0.124584
0.097293
0.099490
0.118517
0.075891
