0.970324
0.968376
0.971047
0.976096
0.967475
0.967706
0.966501
0.968407
0.967784
0.966115
0.957159
0.966630
0.966306
0.959622
0.958333
0.951484
0.957042
0.957970
0.952609
0.960039
0.950142
0.948037
0.955484
0.945707
0.957929
0.949566
0.947745
0.953920
0.951055
0.947274
0.937257
0.947254
0.945887
0.943974
0.953263
0.939889
0.941351
0.935483
0.946495
0.935182
0.935383
0.937982
0.952082
0.939473
0.936267
0.927052
0.931393
0.938177
0.928408
0.941612
0.933153
0.935901
0.932177
0.931010
0.925013
0.927272
0.934201
0.934381
0.924165
0.926364
0.933394
0.925723
0.927178
0.918057
0.935502
0.938526
0.920134
0.919098
0.923408
0.936983
0.925154
0.929651
0.931219
0.919983
0.923446
0.915922
0.921301
0.914018
0.925997
0.915173
0.929139
0.934880
0.921035
0.922053
0.911029
0.912757
0.915131
0.932272
0.917886
0.923354
0.908868
0.903278
0.905809
0.927566
0.926066
0.930734
0.907214
0.910110
0.905589
0.923536
0.915803
0.918759
0.908259
0.917684
0.901173
0.911652
0.903073
0.919248
0.918057
0.920599
0.908092
0.903170
0.922075
0.915456
0.908017
0.928950
0.910946
0.894100
0.900195
0.908248
0.909627
0.914286
0.921205
0.897051
0.905183
0.914705
0.901990
0.902268
0.893745
0.901502
0.897957
0.898507
0.900917
0.918598
0.895544
0.910403
0.912560
0.898086
0.891357
0.898526
0.917923
0.891718
0.906199
0.904014
0.903575
0.897053
0.903984
0.885660
0.910288
0.873608
0.897067
0.902486
0.889562
0.877554
0.905089
0.903603
0.872259
0.879180
0.895354
0.889793
0.892722
0.879574
0.896834
0.888538
0.875008
0.892538
0.903948
0.887104
0.892687
0.880141
0.881704
0.895421
0.864926
0.891891
0.874188
0.871054
0.877856
0.869172
0.879687
0.878068
0.878910
0.873348
0.855926
0.888636
0.881855
0.860535
0.848195
0.873320
0.885923
0.860473
0.874763
0.857596
0.884002
0.862097
0.884123
0.859970
0.854573
0.875172
0.861775
0.859705
0.866048
0.846295
0.861883
0.871488
0.840764
0.861616
0.848418
0.839547
0.858691
0.872777
0.849285
0.855770
0.840327
0.828892
0.868753
0.832734
0.840713
0.828173
0.831453
0.834500
0.829532
0.852018
0.822128
0.839424
0.821929
0.842515
0.833367
0.816169
0.824214
0.813056
0.828890
0.817583
0.796526
0.815204
0.843038
0.808803
0.826961
0.780587
0.826945
0.776044
0.814919
0.808115
0.805905
0.798524
0.771784
0.776758
0.779529
0.764713
0.811575
0.772850
0.793864
0.778833
0.769721
0.754464
0.781800
0.738220
0.798008
0.756405
0.741295
0.769048
0.718345
0.773120
0.741185
0.724115
0.717666
0.762617
0.717947
0.731807
0.726478
0.723071
0.688395
0.719162
0.686608
0.664903
0.697421
0.709658
0.708559
0.690665
0.684206
0.683635
0.704154
0.671488
0.627778
0.664441
0.611849
0.615182
0.660820
0.613422
0.620913
0.587261
0.666658
0.572476
0.580208
0.584162
0.579509
0.578139
0.573073
0.569396
0.573000
0.518034
0.506167
0.525527
0.518616
0.545503
0.475340
0.480523
0.500523
0.473399
0.452071
0.493170
0.437377
0.449812
0.425990
0.419378
0.430670
0.390133
0.423461
0.381794
0.350405
0.387536
0.403150
0.340331
0.317113
0.324475
0.331793
0.353220
0.316032
0.306254
0.334675
0.290256
0.309370
0.290931
0.332673
0.293886
0.261912
0.269294
0.258722
0.255285
0.229600
0.231757
0.213487
0.229190
0.224448
0.220090
0.217635
0.188456
0.227206
0.195047
0.227189
0.198214
0.216645
0.206524
0.194468
0.205333
0.161982
0.196657
0.172842
0.166338
0.164483
0.179957
0.152310
0.185911
0.142461
0.149235
0.132096
0.164432
0.139627
0.173187
0.166248
0.128777
0.165547
0.134147
0.170317
0.140619
0.129160
0.122181
0.120605
0.128705
0.136030
0.119996
0.119099
0.116991
0.111535
0.149768
0.150940
0.125175
0.140626
0.109781
0.109884
0.115770
0.120046
0.143145
0.119895
0.105872
0.111705
0.115384
0.103827
0.104912
0.116912
0.104312
