0.536754
0.552206
0.547535
0.515266
0.504854
0.485525
0.461142
0.432544
0.413311
0.398788
0.372995
0.350145
0.349316
0.312551
0.314333
0.288635
0.272473
0.251151
0.249020
0.236292
0.224824
0.211662
0.209999
0.194988
0.186550
0.203097
0.184847
0.166233
0.179924
0.166634
0.159922
0.155418
0.157126
0.149574
0.157965
0.145944
0.142541
0.129432
0.138904
0.130857
0.130264
0.120035
0.125518
0.118078
0.117228
0.121572
0.114288
0.123985
0.115638
0.108314
0.104631
0.108538
0.111255
0.106834
0.102580
0.101746
0.094151
0.087231
0.096110
0.091547
0.092344
0.081785
0.091269
0.085996
0.092658
0.089146
0.085063
0.081369
0.084246
0.079394
0.079417
0.078878
0.074269
0.075894
0.077117
0.076505
0.074451
0.074115
0.072617
0.068924
0.066971
0.071432
0.064159
0.071960
0.063082
0.060852
0.064024
0.064749
0.062257
0.060117
0.059978
0.057928
0.056091
0.058029
0.056153
0.054904
0.055479
0.054937
0.054534
0.051970
0.058217
0.049094
0.050665
0.047121
0.050447
0.049538
0.049284
0.049200
0.050699
0.047202
0.046158
0.048263
0.047356
0.042672
0.044196
0.043230
0.042377
0.045156
0.043690
0.042137
0.043232
0.040784
0.043684
0.041844
0.041256
0.041694
0.040075
0.037914
0.044560
0.039468
0.039412
0.037017
0.035899
0.037687
0.037705
0.034271
0.034073
0.036795
0.035327
0.038253
0.034985
0.032971
0.033769
0.037210
0.034519
0.033642
0.036443
0.034136
0.034830
0.032774
0.032956
0.033300
0.033926
0.034826
0.031766
0.033051
0.030473
0.029395
0.030647
0.032753
0.029351
0.030953
0.029365
0.030304
0.028888
0.031128
0.030991
0.029483
0.033028
0.027752
0.028919
0.029463
0.030189
0.027942
0.029221
0.026628
0.029700
0.028214
0.025867
0.028451
0.029799
0.026430
0.027403
0.027292
0.026442
0.026615
0.024907
0.025226
0.026888
0.028905
0.025422
0.025963
0.027863
0.024785
0.029238
0.023845
0.026082
0.024853
0.023523
0.025065
0.024617
0.024732
0.023294
0.023337
0.022981
0.023763
0.024591
0.022957
0.022761
0.024272
0.023405
0.024245
0.022921
0.024105
0.026526
0.025455
0.023629
0.022948
0.023078
0.022012
0.022374
0.021924
0.021107
0.021695
0.022275
0.022918
0.021830
0.022032
0.020473
0.021632
0.022027
0.021515
0.020782
0.022552
0.022192
0.021527
0.023410
0.023257
0.020222
0.021127
0.019477
0.021670
0.019299
0.019670
0.019033
0.021378
0.021504
0.020226
0.021219
0.019665
0.021652
0.021144
0.018981
0.020421
0.019586
0.020669
0.019788
0.020065
0.020663
0.018737
0.018690
0.019085
0.020202
0.021597
0.018651
0.018727
0.018378
0.019019
0.020291
0.019507
0.019342
0.018765
0.018457
0.018308
0.018276
0.018265
0.018687
0.018500
0.020577
0.017658
0.018011
0.018444
0.017837
0.016744
0.017358
0.019386
0.017858
0.020594
0.016178
0.017068
0.017513
0.017992
0.017902
0.017187
0.017168
0.017472
0.018030
0.016841
0.017223
0.016906
0.018247
0.018676
0.016316
0.017848
0.015842
0.017410
0.015387
0.016032
0.016316
0.016142
0.017814
0.016727
0.016309
0.015831
0.015820
0.016374
0.016035
0.016200
0.016282
0.016249
0.016288
0.016718
0.015714
0.016559
0.017444
0.016296
0.015746
0.014982
0.016069
0.017425
0.016008
0.015605
0.015655
0.015068
0.015910
0.017074
0.015810
0.016992
0.016063
0.014305
0.016969
0.015153
0.014552
0.014557
0.014716
0.016290
0.015212
0.016488
0.015155
0.014719
0.015112
0.016775
0.014814
0.015155
0.014598
0.013656
0.014228
0.014962
0.015741
0.013419
0.014590
0.014960
0.015441
0.015166
0.014042
0.014535
0.014268
0.014650
0.013976
0.012749
0.013904
0.014577
0.014175
0.013863
0.013966
0.014301
0.014512
0.014668
0.015937
0.014171
0.013517
0.012942
0.014212
0.013826
0.013574
0.014219
0.013015
0.012933
0.014448
0.013585
0.014467
0.014544
0.013590
0.012660
0.014882
0.014287
0.013433
0.016078
0.013674
0.013173
