2.386521
2.378899
2.371117
2.347998
2.333712
2.305616
2.253523
2.216603
2.185867
2.146118
2.097751
2.054804
2.010181
1.972217
1.927947
1.885838
1.845291
1.809285
1.766711
1.736753
1.680772
1.670412
1.632628
1.602636
1.573744
1.551085
1.519839
1.512107
1.479949
1.469714
1.437166
1.419326
1.393656
1.378343
1.369866
1.340220
1.342720
1.317505
1.296614
1.297573
1.275481
1.263116
1.243847
1.232801
1.248592
1.214100
1.209369
1.204166
1.173788
1.188189
1.157635
1.153211
1.171893
1.149018
1.154869
1.152186
1.120531
1.113954
1.114949
1.090098
1.090057
1.071352
1.086300
1.076052
1.053816
1.051110
1.050989
1.034019
1.004284
1.038190
1.031250
0.998999
1.014784
0.993477
0.967672
0.996239
0.985929
0.965680
0.961367
0.956680
0.944791
0.918720
0.912590
0.944146
0.930042
0.942044
0.895826
0.904888
0.871445
0.893667
0.845487
0.844633
0.888160
0.859708
0.833263
0.845348
0.795274
0.820153
0.824476
0.776703
0.810411
0.761124
0.762888
0.772612
0.718987
0.722266
0.752681
0.702372
0.741730
0.679236
0.684191
0.673277
0.683526
0.679855
0.638810
0.635306
0.632167
0.594010
0.635347
0.590715
0.618804
0.596446
0.559577
0.556823
0.552658
0.489905
0.492534
0.509897
0.527484
0.528445
0.509262
0.449849
0.433617
0.434869
0.452944
0.392997
0.391323
0.391256
0.408042
0.362814
0.362141
0.367778
0.371296
0.368398
0.340288
0.303034
0.308258
0.318445
0.304349
0.306836
0.290967
0.281351
0.310405
0.309051
0.281405
0.228588
0.275216
0.264156
0.241214
0.237766
0.224927
0.203193
0.235734
0.248817
0.212375
0.240153
0.204390
0.195110
0.218970
0.193421
0.227023
0.209273
0.186270
0.195848
0.190419
0.200444
0.165820
0.174960
0.192601
0.183770
0.155629
0.160413
0.172976
0.192038
0.166200
0.158555
0.159298
0.162350
0.165552
0.139935
0.197245
0.156130
0.150250
0.142696
0.164535
0.160623
0.129857
0.130050
0.148330
0.134000
0.133993
0.129152
0.124636
0.173487
0.132235
0.134372
0.133893
0.118522
0.116956
0.140311
0.135364
0.120219
0.142948
0.123153
0.114385
0.137938
0.143319
0.123328
0.113659
0.137375
0.108701
0.119805
0.131062
0.115706
0.104759
0.116171
0.122719
0.127431
0.118320
0.124797
0.108213
0.124742
0.107543
0.139102
0.103398
0.092216
0.113117
0.097175
0.090035
0.104568
0.113041
0.087002
0.092496
0.091309
0.091229
0.107531
0.086124
0.104726
0.089084
0.107392
0.102726
0.100587
0.087270
0.094355
0.089730
0.108210
0.097204
0.105020
0.090013
0.099699
0.089426
0.090312
0.087927
0.077850
0.083331
0.084161
0.099364
0.082652
0.090222
0.077558
0.081428
0.095072
0.095867
0.093544
0.100975
0.080028
0.083207
0.079766
0.127010
0.114036
0.088854
0.085047
0.088615
0.090803
0.082487
0.090503
0.077944
0.093299
0.078898
0.079530
0.083064
0.078479
0.074486
0.085563
0.076737
0.084974
0.097283
0.082385
0.066838
0.077048
0.067273
0.082758
0.074997
0.097701
0.075246
0.070884
0.109638
0.075082
0.080336
0.073480
0.079508
0.070703
0.084923
0.071679
0.079708
0.081536
0.068126
0.081133
0.074201
0.072642
0.077708
0.082189
0.075733
0.070389
0.066023
0.088261
0.081576
0.065341
0.074861
0.097656
0.068750
0.072601
0.065150
0.058128
0.080511
0.077122
0.066841
0.076706
0.065924
0.068620
0.064468
0.069055
0.062223
0.076584
0.058973
0.072221
0.059406
0.060211
0.065068
0.068671
0.060986
0.073946
0.070590
0.059392
0.062903
0.074992
0.063277
0.073519
0.056470
0.071517
0.055302
0.053967
0.063292
0.065697
0.061863
0.064107
0.064169
0.062172
0.068817
0.067493
0.056746
0.055580
0.079554
0.061034
0.059085
0.063489
0.056702
0.056495
0.064294
0.082415
0.060178
0.056398
0.062648
0.058531
0.053181
0.068224
0.056458
0.074104
0.057822
0.069544
0.068311
0.057002
0.059440
0.059709
0.055107
0.059008
0.055401
0.055610
0.061197
0.056511
