1.181297
1.174845
1.178404
1.176412
1.175509
1.170283
1.170186
1.160159
1.161015
1.159628
1.157233
1.153962
1.150856
1.140489
1.145446
1.142860
1.131012
1.126197
1.117538
1.121054
1.113833
1.110598
1.112248
1.108279
1.104305
1.099733
1.099792
1.090755
1.095433
1.090840
1.087741
1.072960
1.077044
1.073597
1.067355
1.072691
1.067286
1.069024
1.062800
1.060224
1.065428
1.054425
1.050476
1.052506
1.038287
1.048170
1.056129
1.039915
1.052012
1.041425
1.041000
1.041757
1.021646
1.037942
1.030280
1.027108
1.021955
1.026001
1.028071
1.028304
1.024667
1.023186
1.021855
1.023206
1.020490
1.017138
1.012710
1.011584
1.009891
0.998984
1.010806
1.011670
0.997165
1.017923
1.001051
1.003588
1.005956
0.997376
1.011200
0.998972
0.997939
0.995394
0.993701
1.002203
0.997977
1.000266
0.982366
0.989397
0.982139
0.993937
0.993084
0.990608
0.983292
0.984727
0.984797
0.988503
0.979848
0.983714
0.993545
0.978841
0.978221
0.982643
0.985411
0.980418
0.969740
0.961111
0.976731
0.968267
0.973554
0.976577
0.976415
0.980344
0.964650
0.965893
0.974288
0.973561
0.954916
0.968204
0.972789
0.964834
0.966805
0.972260
0.965143
0.958632
0.959554
0.959267
0.956625
0.962144
0.961632
0.949655
0.959336
0.962298
0.945030
0.957967
0.959775
0.940999
0.949552
0.947077
0.944303
0.941994
0.952652
0.947563
0.942895
0.943548
0.940752
0.929732
0.944881
0.948282
0.933902
0.951522
0.948767
0.929339
0.927530
0.939921
0.926443
0.947841
0.938919
0.926748
0.929776
0.923824
0.940101
0.922219
0.943208
0.931291
0.922844
0.936270
0.918351
0.906791
0.928793
0.923811
0.907296
0.902168
0.924544
0.902728
0.920933
0.915304
0.920169
0.890086
0.905405
0.894138
0.915057
0.910551
0.887486
0.906591
0.919542
0.889318
0.902898
0.866236
0.886737
0.891611
0.897617
0.900497
0.886212
0.866743
0.880938
0.878817
0.880214
0.869958
0.892634
0.877343
0.882140
0.861764
0.872891
0.876389
0.869827
0.855923
0.840894
0.830032
0.855467
0.854891
0.854471
0.845475
0.864671
0.823504
0.854412
0.837254
0.839760
0.828399
0.827905
0.838795
0.838824
0.836928
0.820169
0.828631
0.786537
0.773098
0.801043
0.791355
0.794152
0.786151
0.784697
0.782366
0.801164
0.742423
0.729463
0.788219
0.763327
0.767097
0.772277
0.769368
0.739320
0.725396
0.707091
0.733149
0.728068
0.716547
0.701389
0.733259
0.678885
0.700099
0.712787
0.664979
0.671730
0.643380
0.615236
0.670796
0.615445
0.639661
0.600944
0.637785
0.560408
0.598477
0.591489
0.596720
0.539106
0.518457
0.583969
0.544446
0.524552
0.539546
0.565122
0.515377
0.497101
0.495111
0.423509
0.422562
0.533316
0.444254
0.446615
0.467574
0.384716
0.381896
0.377281
0.390186
0.387927
0.358534
0.354794
0.362453
0.349767
0.354335
0.350941
0.330932
0.344605
0.291009
0.281809
0.315149
0.305729
0.267242
0.309381
0.316632
0.303744
0.256426
0.259614
0.257364
0.240914
0.236172
0.228562
0.234210
0.252088
0.233629
0.221996
0.192040
0.257810
0.202151
0.207297
0.203018
0.225975
0.194490
0.197202
0.204404
0.195659
0.162620
0.192678
0.193891
0.196853
0.231668
0.170568
0.149785
0.162475
0.138131
0.153343
0.145946
0.176580
0.159479
0.138280
0.162791
0.133838
0.144229
0.160895
0.163181
0.124460
0.144357
0.137926
0.127157
0.126871
0.130048
0.134807
0.122904
0.157615
0.132961
0.125719
0.123180
0.131560
0.154466
0.134926
0.138392
0.141768
0.122127
0.112291
0.154134
0.108678
0.115374
0.115348
0.107252
0.114366
0.128253
0.114798
0.107039
0.120443
0.104358
0.108944
0.114012
0.112652
0.111791
0.117342
0.115467
0.132285
0.103022
0.091312
0.087939
0.095785
0.106748
0.096907
0.102592
0.097658
0.096447
0.122212
0.097443
0.088611
0.084844
0.115259
0.095167
0.093791
0.114485
0.101999
0.093202
0.095532
0.091433
0.104647
0.101766
